1.0000 0.7961 0.6949 0.5491 0.2560 0.7015 0.4261 0.4957 0.1595 0.7563 0.2997 0.6658 0.3757 0.6251 0.2713 0.7758 0.7171 0.8827 0.8427 0.6602 0.5994 0.5217 0.5163 0.6033 0.5248 0.6583 0.4646 0.8272 0.7068 0.5331 0.4396 0.6069 0.4969 0.2024 0.8178 0.7945 0.8235 0.8024 0.7837 0.8441 0.8058 0.7587 0.7762 0.6407 0.6840 0.7222 0.6010 0.6850 0.9450 0.7998 0.7532 0.6419 0.4342 -0.0004 0.5560 0.5576 0.4424 0.3017 0.7537 0.7764 0.4711 0.3630 0.2548 0.2333 0.0913 0.1949 0.3431 0.2128 0.5587 0.4555 0.7376 0.6571 0.7784 0.5183
0.7961 1.0000 0.6249 0.6821 0.2495 0.5816 0.6271 0.4272 0.2005 0.6289 0.3889 0.5722 0.5106 0.5607 0.3156 0.6786 0.7634 0.8039 0.7921 0.6146 0.5747 0.3887 0.4094 0.5391 0.5452 0.5824 0.4324 0.7373 0.6809 0.4390 0.3373 0.5233 0.4162 0.1587 0.7291 0.7221 0.7425 0.7654 0.6888 0.7510 0.7509 0.7623 0.7004 0.6665 0.6228 0.7247 0.5250 0.6055 0.7726 0.8981 0.6765 0.6889 0.3285 0.1736 0.4294 0.6450 0.3065 0.3851 0.6819 0.7132 0.3878 0.3353 0.2367 0.2228 0.0739 0.1376 0.2879 0.2335 0.4779 0.4515 0.6346 0.6635 0.7174 0.5528
0.6949 0.6249 1.0000 0.7224 0.1589 0.8089 0.5308 0.4743 0.0805 0.6439 0.3051 0.6410 0.3870 0.5434 0.2762 0.5612 0.5378 0.6755 0.6545 0.8187 0.7120 0.5456 0.6084 0.4453 0.4565 0.7335 0.5588 0.6662 0.5687 0.4932 0.3659 0.5479 0.4287 0.1712 0.6489 0.6309 0.6751 0.6526 0.6084 0.6550 0.6253 0.6210 0.6220 0.5026 0.5586 0.6044 0.5185 0.5761 0.6792 0.5918 0.5607 0.4800 0.4978 0.0920 0.4092 0.4252 0.5394 0.4350 0.6540 0.6457 0.4895 0.3621 0.1798 0.2244 0.0714 0.1711 0.3167 0.2199 0.3984 0.3356 0.5531 0.5308 0.6034 0.4634
0.5491 0.6821 0.7224 1.0000 0.1501 0.6511 0.7979 0.3998 0.2200 0.5260 0.4988 0.5302 0.6095 0.4444 0.3676 0.4892 0.5817 0.5910 0.6275 0.7074 0.7670 0.3036 0.4301 0.4231 0.4919 0.5835 0.5458 0.5720 0.6077 0.4484 0.3446 0.4570 0.3653 0.1807 0.5585 0.5302 0.5940 0.5980 0.5291 0.5796 0.5715 0.6209 0.5724 0.5452 0.5383 0.6453 0.4851 0.5597 0.5252 0.5984 0.5227 0.6106 0.4291 0.3378 0.3539 0.5385 0.4071 0.6292 0.6153 0.6379 0.4267 0.3853 0.2272 0.3249 0.0802 0.2185 0.3078 0.3061 0.3418 0.3168 0.4726 0.5360 0.5686 0.5897
0.2560 0.2495 0.1589 0.1501 1.0000 0.1424 0.1676 0.3921 0.4544 0.1835 0.0898 0.2119 0.1802 0.3114 0.1683 0.2717 0.2582 0.1833 0.1612 0.1707 0.2449 0.3677 0.3238 0.2594 0.1840 0.3089 0.3048 0.3021 0.2736 0.2687 0.2350 0.0995 -0.0116 -0.0206 0.2243 0.1964 0.2887 0.2269 0.1556 0.2052 0.2183 0.1800 0.2468 0.1382 0.1921 0.1659 0.1704 0.1415 0.2809 0.2309 0.2091 0.1679 0.1592 0.0331 0.2227 0.2692 0.2273 0.1630 0.3466 0.3230 0.2191 0.1984 0.2045 0.1420 0.1509 0.1417 0.0002 -0.0320 0.2170 0.1614 0.1470 0.2314 0.2651 0.2251
0.7015 0.5816 0.8089 0.6511 0.1424 1.0000 0.5417 0.4916 0.1687 0.7508 0.3701 0.7423 0.4140 0.5331 0.3476 0.5759 0.5465 0.6699 0.6685 0.6815 0.6383 0.4220 0.4567 0.4811 0.5131 0.6144 0.4380 0.6953 0.6311 0.4723 0.3928 0.5422 0.4459 0.1978 0.5949 0.5652 0.6353 0.5918 0.5729 0.6027 0.5786 0.5630 0.6084 0.5334 0.5510 0.6065 0.5582 0.5737 0.6850 0.5362 0.6186 0.5386 0.6571 0.1960 0.4900 0.4943 0.4793 0.4149 0.6427 0.6626 0.5223 0.4165 0.2835 0.3686 0.1567 0.2512 0.4124 0.3523 0.3736 0.3028 0.5040 0.4471 0.5965 0.4611
0.4261 0.6271 0.5308 0.7979 0.1676 0.5417 1.0000 0.3295 0.3545 0.4527 0.5677 0.4243 0.7330 0.3815 0.4495 0.3936 0.4895 0.4863 0.5397 0.4982 0.6252 0.1005 0.2777 0.3984 0.4744 0.4144 0.4297 0.4664 0.5628 0.3246 0.3014 0.4113 0.3402 0.1886 0.4653 0.4107 0.5077 0.4625 0.4844 0.4853 0.4655 0.4905 0.4838 0.4976 0.4991 0.5920 0.4858 0.5253 0.4190 0.4965 0.4969 0.6166 0.3803 0.4579 0.2716 0.5729 0.1779 0.5191 0.5486 0.6073 0.3682 0.4055 0.2243 0.3486 0.1157 0.1315 0.3698 0.4164 0.2605 0.2200 0.3660 0.4639 0.4585 0.6077
0.4957 0.4272 0.4743 0.3998 0.3921 0.4916 0.3295 1.0000 0.2900 0.5163 0.1811 0.5824 0.2948 0.5914 0.3314 0.4424 0.4405 0.4242 0.4482 0.4411 0.4845 0.5444 0.4886 0.3103 0.2634 0.5163 0.3708 0.4924 0.4311 0.3476 0.3122 0.3892 0.2551 0.1624 0.4903 0.4546 0.5609 0.4998 0.4682 0.5313 0.5024 0.4610 0.5230 0.4276 0.5316 0.4416 0.4649 0.4371 0.5186 0.4271 0.4729 0.4957 0.3380 0.0694 0.3664 0.4027 0.3249 0.3158 0.5457 0.5768 0.4249 0.2987 0.1159 0.1075 0.1216 0.1458 0.2028 0.0876 0.2897 0.2085 0.4118 0.3558 0.5590 0.3511
0.1595 0.2005 0.0805 0.2200 0.4544 0.1687 0.3545 0.2900 1.0000 0.2379 0.2653 0.2099 0.3834 0.2774 0.3717 0.2245 0.2789 0.1178 0.1532 0.0696 0.1982 0.0346 0.1199 0.2227 0.2028 0.1594 0.2234 0.2563 0.2903 0.2311 0.2543 0.2449 0.1491 0.0742 0.2539 0.1919 0.2975 0.2321 0.1989 0.2042 0.2573 0.2002 0.2618 0.2077 0.2336 0.2155 0.3112 0.2375 0.2047 0.1735 0.2514 0.2460 0.2420 0.1890 0.2363 0.3423 0.0612 0.1205 0.3206 0.3241 0.2121 0.2456 0.2279 0.2867 0.2043 0.1248 0.2846 0.2320 0.1772 0.1011 0.1207 0.1890 0.2669 0.2935
0.7563 0.6289 0.6439 0.5260 0.1835 0.7508 0.4527 0.5163 0.2379 1.0000 0.3969 0.8070 0.4650 0.6159 0.3372 0.6651 0.6238 0.7225 0.7237 0.6226 0.6168 0.4030 0.4357 0.5364 0.5030 0.6275 0.4385 0.7230 0.6487 0.4957 0.4063 0.5533 0.4055 0.1415 0.6840 0.6394 0.7263 0.6759 0.6523 0.6952 0.6807 0.6493 0.6784 0.5955 0.6615 0.6785 0.5931 0.6058 0.7617 0.6140 0.6785 0.5830 0.5595 0.1214 0.5693 0.5714 0.3929 0.3312 0.6704 0.7061 0.5859 0.4524 0.2549 0.2922 0.1353 0.2224 0.3871 0.2772 0.4448 0.3430 0.5942 0.5293 0.7321 0.5372
0.2997 0.3889 0.3051 0.4988 0.0898 0.3701 0.5677 0.1811 0.2653 0.3969 1.0000 0.4381 0.7276 0.3364 0.4040 0.4291 0.4803 0.3522 0.3696 0.4419 0.5440 -0.0803 0.0881 0.3687 0.4756 0.2897 0.4084 0.3864 0.4922 0.2730 0.2355 0.2844 0.2304 0.1462 0.3552 0.3057 0.3729 0.3677 0.3072 0.3060 0.3489 0.3516 0.3461 0.3103 0.3579 0.4154 0.3432 0.3586 0.2525 0.2907 0.2231 0.2859 0.3632 0.2377 0.4286 0.4040 0.2812 0.4220 0.3657 0.3744 0.2152 0.2842 0.2093 0.2801 0.1638 0.1894 0.3067 0.2747 0.3531 0.3117 0.3367 0.4312 0.4261 0.6356
0.6658 0.5722 0.6410 0.5302 0.2119 0.7423 0.4243 0.5824 0.2099 0.8070 0.4381 1.0000 0.4990 0.6581 0.3777 0.6331 0.5862 0.6167 0.6290 0.6287 0.6001 0.4210 0.4435 0.4971 0.5056 0.6081 0.4640 0.6641 0.6023 0.4515 0.3514 0.4937 0.3708 0.1328 0.6591 0.6552 0.7060 0.6894 0.5796 0.6514 0.6979 0.6712 0.7069 0.6394 0.6128 0.6183 0.5518 0.5636 0.6525 0.5370 0.5802 0.5314 0.5732 0.1437 0.5528 0.4988 0.4445 0.3939 0.6225 0.6619 0.4875 0.3479 0.2053 0.2419 0.1488 0.2070 0.3271 0.1816 0.4634 0.3755 0.5632 0.5088 0.7168 0.5258
0.3757 0.5106 0.3870 0.6095 0.1802 0.4140 0.7330 0.2948 0.3834 0.4650 0.7276 0.4990 1.0000 0.4099 0.5294 0.4098 0.4690 0.4125 0.4715 0.4806 0.5927 0.0146 0.1408 0.3617 0.4155 0.3597 0.3883 0.4561 0.5584 0.4079 0.3694 0.3568 0.2552 0.1308 0.4591 0.3711 0.5034 0.4681 0.3964 0.4009 0.4562 0.4719 0.4722 0.4485 0.4576 0.5254 0.4401 0.4177 0.3332 0.4136 0.3785 0.4848 0.3999 0.4162 0.3163 0.4987 0.2881 0.5161 0.5108 0.5511 0.3500 0.4245 0.2355 0.2855 0.1329 0.1406 0.3682 0.3556 0.2897 0.2161 0.3310 0.4273 0.5107 0.6627
0.6251 0.5607 0.5434 0.4444 0.3114 0.5331 0.3815 0.5914 0.2774 0.6159 0.3364 0.6581 0.4099 1.0000 0.4767 0.5884 0.5468 0.5778 0.6109 0.5937 0.5953 0.6111 0.6059 0.5891 0.4802 0.7013 0.5318 0.5754 0.4972 0.3863 0.3493 0.6691 0.4194 0.2805 0.6140 0.6057 0.6381 0.5922 0.5976 0.6701 0.6030 0.5438 0.5823 0.4351 0.6390 0.5618 0.6126 0.5938 0.6302 0.5505 0.5570 0.5161 0.3494 0.1044 0.4405 0.4297 0.3473 0.2987 0.6198 0.6610 0.4958 0.2989 0.1328 0.1116 0.0393 0.0444 0.3386 0.2088 0.4399 0.4090 0.5753 0.5154 0.7235 0.4455
0.2713 0.3156 0.2762 0.3676 0.1683 0.3476 0.4495 0.3314 0.3717 0.3372 0.4040 0.3777 0.5294 0.4767 1.0000 0.3159 0.3152 0.2795 0.3363 0.3278 0.4330 0.1716 0.1992 0.3578 0.4271 0.2885 0.3235 0.3333 0.4110 0.3068 0.3504 0.3784 0.3937 0.1964 0.3402 0.2916 0.3421 0.2667 0.3578 0.3568 0.2902 0.2555 0.3730 0.3269 0.3622 0.3656 0.4679 0.3785 0.2720 0.2631 0.3046 0.3758 0.2818 0.2540 0.2345 0.3360 0.1318 0.3419 0.4148 0.4349 0.3172 0.3074 0.2021 0.3058 0.1813 0.1499 0.3764 0.4112 0.2550 0.1907 0.2722 0.2782 0.3426 0.4331
0.7758 0.6786 0.5612 0.4892 0.2717 0.5759 0.3936 0.4424 0.2245 0.6651 0.4291 0.6331 0.4098 0.5884 0.3159 1.0000 0.8242 0.7152 0.6924 0.5705 0.5310 0.4151 0.4566 0.7699 0.6976 0.6076 0.6239 0.7128 0.6677 0.4326 0.3231 0.5472 0.4879 0.2873 0.7170 0.7500 0.6939 0.7263 0.6868 0.7218 0.7179 0.6277 0.6600 0.5586 0.5853 0.5984 0.5478 0.6118 0.7655 0.6812 0.5338 0.4736 0.4045 0.0146 0.7371 0.5913 0.3811 0.2399 0.6188 0.6179 0.3906 0.2781 0.3003 0.2838 0.1958 0.2478 0.3264 0.2195 0.8255 0.7402 0.8273 0.7889 0.6896 0.4901
0.7171 0.7634 0.5378 0.5817 0.2582 0.5465 0.4895 0.4405 0.2789 0.6238 0.4803 0.5862 0.4690 0.5468 0.3152 0.8242 1.0000 0.6876 0.6769 0.5537 0.5616 0.3937 0.4379 0.6828 0.7174 0.6052 0.5564 0.6986 0.7017 0.4634 0.3708 0.5490 0.4355 0.2848 0.6577 0.6805 0.6786 0.7205 0.6234 0.6834 0.6717 0.6575 0.6207 0.5804 0.5764 0.6702 0.5351 0.6260 0.7035 0.7693 0.5305 0.5376 0.3320 0.1179 0.6388 0.6980 0.2989 0.3175 0.6416 0.6568 0.3824 0.3211 0.3087 0.3117 0.1705 0.2524 0.3417 0.2448 0.6474 0.6769 0.7016 0.7348 0.6669 0.4953
0.8827 0.8039 0.6755 0.5910 0.1833 0.6699 0.4863 0.4242 0.1178 0.7225 0.3522 0.6167 0.4125 0.5778 0.2795 0.7152 0.6876 1.0000 0.9066 0.6851 0.6208 0.4436 0.4654 0.5454 0.5078 0.6231 0.4198 0.8042 0.7258 0.5346 0.4320 0.5818 0.4943 0.1506 0.7681 0.7178 0.7696 0.7416 0.7436 0.7857 0.7520 0.7295 0.7158 0.5827 0.6817 0.7223 0.5866 0.6537 0.8433 0.7837 0.7206 0.6414 0.4115 0.1023 0.4567 0.5528 0.3729 0.3115 0.7342 0.7378 0.4607 0.4102 0.2510 0.2565 0.1245 0.1749 0.3949 0.3082 0.4717 0.3855 0.6461 0.6019 0.7224 0.5808
0.8427 0.7921 0.6545 0.6275 0.1612 0.6685 0.5397 0.4482 0.1532 0.7237 0.3696 0.6290 0.4715 0.6109 0.3363 0.6924 0.6769 0.9066 1.0000 0.6553 0.6398 0.4257 0.4305 0.5465 0.5223 0.6165 0.3920 0.7738 0.7115 0.5113 0.4294 0.6210 0.4911 0.1940 0.7652 0.7091 0.7618 0.7334 0.7423 0.7864 0.7426 0.7116 0.7041 0.5880 0.7039 0.7239 0.6353 0.6575 0.8077 0.7526 0.7113 0.6847 0.4074 0.1724 0.4418 0.5718 0.3414 0.3535 0.7332 0.7633 0.5055 0.4090 0.2416 0.2583 0.1164 0.1653 0.4287 0.3677 0.4586 0.3674 0.6418 0.5697 0.7572 0.5685
0.6602 0.6146 0.8187 0.7074 0.1707 0.6815 0.4982 0.4411 0.0696 0.6226 0.4419 0.6287 0.4806 0.5937 0.3278 0.5705 0.5537 0.6851 0.6553 1.0000 0.8611 0.4761 0.5585 0.4399 0.4333 0.7265 0.6030 0.6728 0.5823 0.5503 0.4233 0.5280 0.4155 0.1632 0.6313 0.6013 0.6651 0.6318 0.5947 0.6486 0.6236 0.6231 0.6277 0.4912 0.5900 0.6276 0.5187 0.5774 0.6015 0.5547 0.5023 0.4549 0.4061 0.0503 0.3766 0.3858 0.5786 0.4781 0.6735 0.6299 0.5158 0.4261 0.2252 0.2424 0.0879 0.1971 0.2984 0.2352 0.3921 0.3322 0.5527 0.5827 0.6830 0.6040
0.5994 0.5747 0.7120 0.7670 0.2449 0.6383 0.6252 0.4845 0.1982 0.6168 0.5440 0.6001 0.5927 0.5953 0.4330 0.5310 0.5616 0.6208 0.6398 0.8611 1.0000 0.4169 0.5462 0.4481 0.4538 0.7093 0.6426 0.6396 0.6206 0.5575 0.4802 0.5002 0.3852 0.1583 0.6002 0.5296 0.6649 0.5913 0.5692 0.6243 0.5720 0.5867 0.5817 0.4653 0.6339 0.6585 0.5516 0.5778 0.5526 0.4923 0.4740 0.4903 0.3986 0.1612 0.3815 0.4465 0.4775 0.5452 0.6926 0.6833 0.5739 0.5082 0.2430 0.2880 0.1119 0.2606 0.3219 0.2721 0.3467 0.2663 0.4863 0.5551 0.6741 0.6973
0.5217 0.3887 0.5456 0.3036 0.3677 0.4220 0.1005 0.5444 0.0346 0.4030 -0.0803 0.4210 0.0146 0.6111 0.1716 0.4151 0.3937 0.4436 0.4257 0.4761 0.4169 1.0000 0.8214 0.3162 0.1782 0.7098 0.4557 0.4492 0.3056 0.3464 0.2591 0.4339 0.2631 0.1121 0.4625 0.4814 0.4840 0.4798 0.4286 0.5127 0.4435 0.4034 0.4343 0.2802 0.4516 0.3917 0.4172 0.3823 0.5446 0.4583 0.3733 0.2963 0.1789 -0.0891 0.2917 0.2955 0.3310 0.1432 0.4693 0.5008 0.4338 0.2421 0.0535 -0.0397 -0.0693 0.0002 0.1155 0.0268 0.2960 0.2499 0.4001 0.3101 0.4653 0.1301
0.5163 0.4094 0.6084 0.4301 0.3238 0.4567 0.2777 0.4886 0.1199 0.4357 0.0881 0.4435 0.1408 0.6059 0.1992 0.4566 0.4379 0.4654 0.4305 0.5585 0.5462 0.8214 1.0000 0.3990 0.2749 0.8020 0.6564 0.4480 0.3474 0.3104 0.1753 0.4404 0.3081 0.1663 0.5070 0.5376 0.5327 0.5237 0.4781 0.5450 0.4856 0.4630 0.4585 0.3038 0.5242 0.4491 0.4313 0.4589 0.5324 0.4410 0.3643 0.2880 0.2090 -0.0675 0.3658 0.3613 0.3134 0.1564 0.4564 0.4961 0.3807 0.2343 0.0523 0.0159 -0.0561 0.0178 0.0889 0.0095 0.3633 0.3213 0.4624 0.4438 0.4608 0.2697
0.6033 0.5391 0.4453 0.4231 0.2594 0.4811 0.3984 0.3103 0.2227 0.5364 0.3687 0.4971 0.3617 0.5891 0.3578 0.7699 0.6828 0.5454 0.5465 0.4399 0.4481 0.3162 0.3990 1.0000 0.7596 0.4932 0.5502 0.5747 0.6027 0.3070 0.3093 0.5649 0.4703 0.3961 0.5523 0.6122 0.5382 0.5186 0.6167 0.6294 0.5283 0.4502 0.5215 0.4677 0.5110 0.5170 0.5416 0.6025 0.6110 0.5467 0.4891 0.4405 0.3133 0.0581 0.6097 0.5437 0.2145 0.1919 0.5379 0.5490 0.3817 0.2383 0.3629 0.3823 0.2059 0.3053 0.3530 0.3024 0.7153 0.6991 0.7249 0.7117 0.5578 0.4085
0.5248 0.5452 0.4565 0.4919 0.1840 0.5131 0.4744 0.2634 0.2028 0.5030 0.4756 0.5056 0.4155 0.4802 0.4271 0.6976 0.7174 0.5078 0.5223 0.4333 0.4538 0.1782 0.2749 0.7596 1.0000 0.4205 0.5185 0.5694 0.6052 0.3333 0.2912 0.5041 0.4294 0.3325 0.5119 0.5668 0.4925 0.4948 0.5530 0.5629 0.4886 0.4470 0.4448 0.4751 0.4324 0.5207 0.4945 0.5463 0.5101 0.5183 0.3970 0.3987 0.3339 0.1698 0.5652 0.5696 0.1746 0.2910 0.5083 0.5082 0.3017 0.2115 0.3298 0.4586 0.2433 0.2953 0.3655 0.3155 0.6689 0.7221 0.6509 0.6852 0.4965 0.4165
0.6583 0.5824 0.7335 0.5835 0.3089 0.6144 0.4144 0.5163 0.1594 0.6275 0.2897 0.6081 0.3597 0.7013 0.2885 0.6076 0.6052 0.6231 0.6165 0.7265 0.7093 0.7098 0.8020 0.4932 0.4205 1.0000 0.7428 0.6555 0.5734 0.4610 0.3399 0.5317 0.3686 0.1691 0.6374 0.6402 0.6777 0.6768 0.5764 0.6504 0.6224 0.6029 0.5913 0.4500 0.6180 0.5839 0.5423 0.5651 0.6616 0.5738 0.4660 0.4235 0.3746 0.0241 0.4976 0.4813 0.4437 0.2758 0.6056 0.6514 0.5275 0.4050 0.1480 0.1532 0.0520 0.1649 0.2318 0.1255 0.4296 0.3802 0.5697 0.5614 0.6374 0.4466
0.4646 0.4324 0.5588 0.5458 0.3048 0.4380 0.4297 0.3708 0.2234 0.4385 0.4084 0.4640 0.3883 0.5318 0.3235 0.6239 0.5564 0.4198 0.3920 0.6030 0.6426 0.4557 0.6564 0.5502 0.5185 0.7428 1.0000 0.5097 0.5277 0.3639 0.2262 0.4256 0.3406 0.2863 0.4950 0.5426 0.5026 0.5402 0.4563 0.5008 0.4794 0.4492 0.4446 0.3679 0.4594 0.4247 0.4550 0.5022 0.4636 0.4077 0.2621 0.2506 0.3333 0.0066 0.6137 0.4683 0.4021 0.2850 0.4667 0.4708 0.3314 0.2729 0.1754 0.2408 0.0959 0.1886 0.1579 0.0996 0.6018 0.5620 0.5899 0.6556 0.4777 0.4525
0.8272 0.7373 0.6662 0.5720 0.3021 0.6953 0.4664 0.4924 0.2563 0.7230 0.3864 0.6641 0.4561 0.5754 0.3333 0.7128 0.6986 0.8042 0.7738 0.6728 0.6396 0.4492 0.4480 0.5747 0.5694 0.6555 0.5097 1.0000 0.8631 0.6743 0.5695 0.5671 0.4530 0.1230 0.7488 0.7177 0.8049 0.7695 0.6750 0.7396 0.7372 0.7171 0.7283 0.6342 0.6523 0.6593 0.6224 0.6216 0.8012 0.7287 0.6417 0.5749 0.5485 0.1293 0.5303 0.6109 0.5066 0.4121 0.8151 0.8146 0.5300 0.4116 0.3525 0.3757 0.2069 0.3007 0.4446 0.3131 0.5192 0.4310 0.6248 0.6086 0.7619 0.5697
0.7068 0.6809 0.5687 0.6077 0.2736 0.6311 0.5628 0.4311 0.2903 0.6487 0.4922 0.6023 0.5584 0.4972 0.4110 0.6677 0.7017 0.7258 0.7115 0.5823 0.6206 0.3056 0.3474 0.6027 0.6052 0.5734 0.5277 0.8631 1.0000 0.6136 0.5619 0.5119 0.4238 0.1477 0.6334 0.6177 0.6934 0.6683 0.5830 0.6320 0.6257 0.6297 0.6422 0.5954 0.5983 0.6142 0.5758 0.5875 0.6869 0.6607 0.5800 0.5956 0.5700 0.2946 0.5587 0.6637 0.3895 0.4600 0.7407 0.7643 0.4906 0.4524 0.3839 0.4260 0.2364 0.3536 0.4827 0.4161 0.4982 0.4235 0.5589 0.5685 0.6468 0.6097
0.5331 0.4390 0.4932 0.4484 0.2687 0.4723 0.3246 0.3476 0.2311 0.4957 0.2730 0.4515 0.4079 0.3863 0.3068 0.4326 0.4634 0.5346 0.5113 0.5503 0.5575 0.3464 0.3104 0.3070 0.3333 0.4610 0.3639 0.6743 0.6136 1.0000 0.7753 0.4444 0.3658 -0.0315 0.5300 0.4105 0.5906 0.4970 0.4530 0.4945 0.4508 0.4522 0.4759 0.3494 0.4751 0.4942 0.5109 0.4331 0.4977 0.4413 0.4251 0.3865 0.4192 0.1442 0.2601 0.3727 0.5498 0.4946 0.7989 0.6945 0.5302 0.4910 0.3377 0.3017 0.2034 0.1890 0.4621 0.3950 0.2585 0.1863 0.3065 0.3176 0.5110 0.4447
0.4396 0.3373 0.3659 0.3446 0.2350 0.3928 0.3014 0.3122 0.2543 0.4063 0.2355 0.3514 0.3694 0.3493 0.3504 0.3231 0.3708 0.4320 0.4294 0.4233 0.4802 0.2591 0.1753 0.3093 0.2912 0.3399 0.2262 0.5695 0.5619 0.7753 1.0000 0.4585 0.3849 0.0212 0.4007 0.2794 0.4624 0.3455 0.3878 0.4144 0.3038 0.2990 0.3833 0.2768 0.4073 0.4134 0.5361 0.4082 0.4257 0.3082 0.3741 0.3863 0.3438 0.1448 0.1644 0.2709 0.4007 0.4161 0.7108 0.6882 0.5437 0.5196 0.3851 0.3949 0.2435 0.2452 0.5665 0.5065 0.1812 0.0924 0.2291 0.2061 0.4157 0.4123
0.6069 0.5233 0.5479 0.4570 0.0995 0.5422 0.4113 0.3892 0.2449 0.5533 0.2844 0.4937 0.3568 0.6691 0.3784 0.5472 0.5490 0.5818 0.6210 0.5280 0.5002 0.4339 0.4404 0.5649 0.5041 0.5317 0.4256 0.5671 0.5119 0.4444 0.4585 1.0000 0.7012 0.5099 0.5966 0.5727 0.5837 0.5551 0.6801 0.6864 0.5447 0.4903 0.5251 0.4134 0.6160 0.5864 0.7540 0.7596 0.6196 0.5405 0.5768 0.5213 0.3488 0.1588 0.4363 0.4520 0.2477 0.2451 0.6443 0.6722 0.4904 0.3108 0.2417 0.2689 0.0969 0.0511 0.5541 0.4706 0.4388 0.4001 0.5971 0.4806 0.6003 0.3589
0.4969 0.4162 0.4287 0.3653 -0.0116 0.4459 0.3402 0.2551 0.1491 0.4055 0.2304 0.3708 0.2552 0.4194 0.3937 0.4879 0.4355 0.4943 0.4911 0.4155 0.3852 0.2631 0.3081 0.4703 0.4294 0.3686 0.3406 0.4530 0.4238 0.3658 0.3849 0.7012 1.0000 0.4307 0.4626 0.4482 0.4270 0.3969 0.5584 0.5675 0.3947 0.3394 0.4432 0.3082 0.4601 0.4328 0.6143 0.6483 0.4910 0.4153 0.4151 0.3694 0.2836 -0.0130 0.3768 0.3459 0.2152 0.1537 0.5069 0.4872 0.3182 0.3010 0.1887 0.2788 0.1447 0.0437 0.4939 0.4757 0.4005 0.3258 0.5021 0.4409 0.3782 0.3227
0.2024 0.1587 0.1712 0.1807 -0.0206 0.1978 0.1886 0.1624 0.0742 0.1415 0.1462 0.1328 0.1308 0.2805 0.1964 0.2873 0.2848 0.1506 0.1940 0.1632 0.1583 0.1121 0.1663 0.3961 0.3325 0.1691 0.2863 0.1230 0.1477 -0.0315 0.0212 0.5099 0.4307 1.0000 0.1906 0.1992 0.1371 0.1340 0.3704 0.2938 0.1548 0.0849 0.1688 0.1265 0.2460 0.2135 0.4275 0.5013 0.2099 0.1838 0.2169 0.2410 0.1174 0.0647 0.3576 0.2219 0.0187 0.0554 0.1570 0.1678 0.0995 0.0396 0.1485 0.1626 0.1053 0.0619 0.1819 0.2088 0.3408 0.3645 0.4245 0.3525 0.1664 0.1074
0.8178 0.7291 0.6489 0.5585 0.2243 0.5949 0.4653 0.4903 0.2539 0.6840 0.3552 0.6591 0.4591 0.6140 0.3402 0.7170 0.6577 0.7681 0.7652 0.6313 0.6002 0.4625 0.5070 0.5523 0.5119 0.6374 0.4950 0.7488 0.6334 0.5300 0.4007 0.5966 0.4626 0.1906 1.0000 0.9096 0.9379 0.9054 0.8874 0.9072 0.9085 0.8434 0.8631 0.7198 0.7973 0.7879 0.6705 0.7113 0.7724 0.7081 0.6622 0.6469 0.3750 0.0635 0.4573 0.5203 0.3924 0.3388 0.7722 0.7911 0.4837 0.3497 0.2098 0.1891 0.0512 0.1578 0.3591 0.2328 0.5444 0.4595 0.7214 0.6632 0.7852 0.5613
0.7945 0.7221 0.6309 0.5302 0.1964 0.5652 0.4107 0.4546 0.1919 0.6394 0.3057 0.6552 0.3711 0.6057 0.2916 0.7500 0.6805 0.7178 0.7091 0.6013 0.5296 0.4814 0.5376 0.6122 0.5668 0.6402 0.5426 0.7177 0.6177 0.4105 0.2794 0.5727 0.4482 0.1992 0.9096 1.0000 0.8666 0.9094 0.8303 0.8911 0.8901 0.8396 0.8220 0.7488 0.7241 0.7385 0.6043 0.6909 0.7619 0.7184 0.5855 0.5617 0.3242 -0.0009 0.5282 0.5303 0.3603 0.2638 0.6506 0.7028 0.4053 0.2320 0.1707 0.1599 0.0383 0.1589 0.2818 0.1435 0.6293 0.5631 0.7936 0.7313 0.7672 0.4977
0.8235 0.7425 0.6751 0.5940 0.2887 0.6353 0.5077 0.5609 0.2975 0.7263 0.3729 0.7060 0.5034 0.6381 0.3421 0.6939 0.6786 0.7696 0.7618 0.6651 0.6649 0.4840 0.5327 0.5382 0.4925 0.6777 0.5026 0.8049 0.6934 0.5906 0.4624 0.5837 0.4270 0.1371 0.9379 0.8666 1.0000 0.9309 0.8451 0.8942 0.9221 0.8706 0.8698 0.7326 0.7935 0.8167 0.6715 0.7173 0.7879 0.7281 0.6883 0.6767 0.4263 0.1067 0.4714 0.5582 0.4454 0.3942 0.8338 0.8558 0.5217 0.3934 0.2067 0.2058 0.0565 0.1890 0.3404 0.2000 0.4778 0.3991 0.6846 0.6490 0.8254 0.6067
0.8024 0.7654 0.6526 0.5980 0.2269 0.5918 0.4625 0.4998 0.2321 0.6759 0.3677 0.6894 0.4681 0.5922 0.2667 0.7263 0.7205 0.7416 0.7334 0.6318 0.5913 0.4798 0.5237 0.5186 0.4948 0.6768 0.5402 0.7695 0.6683 0.4970 0.3455 0.5551 0.3969 0.1340 0.9054 0.9094 0.9309 1.0000 0.7943 0.8707 0.9314 0.9233 0.8586 0.7761 0.7413 0.7808 0.6120 0.6893 0.7661 0.7571 0.6364 0.6351 0.3883 0.0822 0.5179 0.5708 0.4102 0.3452 0.7246 0.7767 0.4446 0.3016 0.1560 0.1394 0.0057 0.1385 0.2747 0.1322 0.5376 0.4735 0.7119 0.6765 0.7915 0.5357
0.7837 0.6888 0.6084 0.5291 0.1556 0.5729 0.4844 0.4682 0.1989 0.6523 0.3072 0.5796 0.3964 0.5976 0.3578 0.6868 0.6234 0.7436 0.7423 0.5947 0.5692 0.4286 0.4781 0.6167 0.5530 0.5764 0.4563 0.6750 0.5830 0.4530 0.3878 0.6801 0.5584 0.3704 0.8874 0.8303 0.8451 0.7943 1.0000 0.9363 0.8310 0.7545 0.7981 0.6739 0.8203 0.8025 0.7522 0.8161 0.7553 0.6784 0.6728 0.6692 0.2955 0.0635 0.4582 0.5127 0.2663 0.2624 0.7277 0.7410 0.4673 0.3649 0.1759 0.2029 0.0763 0.1433 0.3579 0.2862 0.5121 0.4570 0.8028 0.7132 0.7166 0.5572
0.8441 0.7510 0.6550 0.5796 0.2052 0.6027 0.4853 0.5313 0.2042 0.6952 0.3060 0.6514 0.4009 0.6701 0.3568 0.7218 0.6834 0.7857 0.7864 0.6486 0.6243 0.5127 0.5450 0.6294 0.5629 0.6504 0.5008 0.7396 0.6320 0.4945 0.4144 0.6864 0.5675 0.2938 0.9072 0.8911 0.8942 0.8707 0.9363 1.0000 0.8857 0.8375 0.8442 0.7318 0.8258 0.8396 0.7445 0.8285 0.8134 0.7452 0.7118 0.6942 0.3182 0.0242 0.4880 0.5501 0.3305 0.2923 0.7794 0.8122 0.4724 0.3357 0.1576 0.1843 0.0406 0.1496 0.3558 0.2431 0.5373 0.4688 0.7865 0.7048 0.7904 0.5503
0.8058 0.7509 0.6253 0.5715 0.2183 0.5786 0.4655 0.5024 0.2573 0.6807 0.3489 0.6979 0.4562 0.6030 0.2902 0.7179 0.6717 0.7520 0.7426 0.6236 0.5720 0.4435 0.4856 0.5283 0.4886 0.6224 0.4794 0.7372 0.6257 0.4508 0.3038 0.5447 0.3947 0.1548 0.9085 0.8901 0.9221 0.9314 0.8310 0.8857 1.0000 0.9103 0.9061 0.7802 0.7664 0.7827 0.6040 0.6943 0.7735 0.7426 0.6903 0.6637 0.3847 0.0734 0.4965 0.5503 0.3949 0.3362 0.7092 0.7417 0.4161 0.2669 0.1451 0.1345 0.0295 0.1407 0.2540 0.1171 0.5253 0.4484 0.7312 0.6826 0.8166 0.5635
0.7587 0.7623 0.6210 0.6209 0.1800 0.5630 0.4905 0.4610 0.2002 0.6493 0.3516 0.6712 0.4719 0.5438 0.2555 0.6277 0.6575 0.7295 0.7116 0.6231 0.5867 0.4034 0.4630 0.4502 0.4470 0.6029 0.4492 0.7171 0.6297 0.4522 0.2990 0.4903 0.3394 0.0849 0.8434 0.8396 0.8706 0.9233 0.7545 0.8375 0.9103 1.0000 0.8574 0.8227 0.7226 0.8022 0.5494 0.6631 0.7103 0.7349 0.6564 0.6805 0.3433 0.1301 0.3952 0.5253 0.3645 0.3933 0.6630 0.7186 0.4101 0.3043 0.1542 0.1349 0.0137 0.1573 0.2186 0.1048 0.4344 0.3829 0.6421 0.6198 0.7603 0.5701
0.7762 0.7004 0.6220 0.5724 0.2468 0.6084 0.4838 0.5230 0.2618 0.6784 0.3461 0.7069 0.4722 0.5823 0.3730 0.6600 0.6207 0.7158 0.7041 0.6277 0.5817 0.4343 0.4585 0.5215 0.4448 0.5913 0.4446 0.7283 0.6422 0.4759 0.3833 0.5251 0.4432 0.1688 0.8631 0.8220 0.8698 0.8586 0.7981 0.8442 0.9061 0.8574 1.0000 0.7895 0.7725 0.7664 0.6181 0.6834 0.7504 0.6875 0.7117 0.6970 0.4409 0.0970 0.4618 0.5107 0.4625 0.3929 0.7271 0.7518 0.4484 0.3287 0.2206 0.2012 0.1013 0.1878 0.3132 0.2077 0.4683 0.3828 0.6688 0.6100 0.7799 0.5667
0.6407 0.6665 0.5026 0.5452 0.1382 0.5334 0.4976 0.4276 0.2077 0.5955 0.3103 0.6394 0.4485 0.4351 0.3269 0.5586 0.5804 0.5827 0.5880 0.4912 0.4653 0.2802 0.3038 0.4677 0.4751 0.4500 0.3679 0.6342 0.5954 0.3494 0.2768 0.4134 0.3082 0.1265 0.7198 0.7488 0.7326 0.7761 0.6739 0.7318 0.7802 0.8227 0.7895 1.0000 0.6446 0.7299 0.5187 0.6259 0.6130 0.6369 0.6306 0.6575 0.3458 0.1368 0.3961 0.5313 0.2658 0.3646 0.5875 0.6704 0.3710 0.2602 0.2374 0.2359 0.1170 0.2297 0.2249 0.1503 0.4329 0.3878 0.5895 0.5658 0.6613 0.5033
0.6840 0.6228 0.5586 0.5383 0.1921 0.5510 0.4991 0.5316 0.2336 0.6615 0.3579 0.6128 0.4576 0.6390 0.3622 0.5853 0.5764 0.6817 0.7039 0.5900 0.6339 0.4516 0.5242 0.5110 0.4324 0.6180 0.4594 0.6523 0.5983 0.4751 0.4073 0.6160 0.4601 0.2460 0.7973 0.7241 0.7935 0.7413 0.8203 0.8258 0.7664 0.7226 0.7725 0.6446 1.0000 0.7908 0.7420 0.7477 0.6669 0.6047 0.6532 0.6654 0.3602 0.1420 0.4115 0.5094 0.2650 0.3217 0.7110 0.7439 0.4977 0.3826 0.1633 0.1843 0.0636 0.1137 0.3751 0.2916 0.4020 0.3306 0.6220 0.5612 0.7174 0.5751
0.7222 0.7247 0.6044 0.6453 0.1659 0.6065 0.5920 0.4416 0.2155 0.6785 0.4154 0.6183 0.5254 0.5618 0.3656 0.5984 0.6702 0.7223 0.7239 0.6276 0.6585 0.3917 0.4491 0.5170 0.5207 0.5839 0.4247 0.6593 0.6142 0.4942 0.4134 0.5864 0.4328 0.2135 0.7879 0.7385 0.8167 0.7808 0.8025 0.8396 0.7827 0.8022 0.7664 0.7299 0.7908 1.0000 0.6780 0.7743 0.6798 0.6816 0.6502 0.6830 0.3117 0.1517 0.4007 0.5652 0.2654 0.3829 0.7257 0.7657 0.4789 0.4266 0.1831 0.2333 0.0432 0.1554 0.3344 0.2859 0.4016 0.3524 0.6272 0.6141 0.7113 0.6466
0.6010 0.5250 0.5185 0.4851 0.1704 0.5582 0.4858 0.4649 0.3112 0.5931 0.3432 0.5518 0.4401 0.6126 0.4679 0.5478 0.5351 0.5866 0.6353 0.5187 0.5516 0.4172 0.4313 0.5416 0.4945 0.5423 0.4550 0.6224 0.5758 0.5109 0.5361 0.7540 0.6143 0.4275 0.6705 0.6043 0.6715 0.6120 0.7522 0.7445 0.6040 0.5494 0.6181 0.5187 0.7420 0.6780 1.0000 0.8138 0.6034 0.4900 0.5627 0.5699 0.3825 0.1474 0.4604 0.5200 0.2357 0.2745 0.7165 0.7557 0.5197 0.4005 0.2571 0.3222 0.1237 0.1114 0.5368 0.4901 0.4138 0.3517 0.5771 0.4892 0.6383 0.4838
0.6850 0.6055 0.5761 0.5597 0.1415 0.5737 0.5253 0.4371 0.2375 0.6058 0.3586 0.5636 0.4177 0.5938 0.3785 0.6118 0.6260 0.6537 0.6575 0.5774 0.5778 0.3823 0.4589 0.6025 0.5463 0.5651 0.5022 0.6216 0.5875 0.4331 0.4082 0.7596 0.6483 0.5013 0.7113 0.6909 0.7173 0.6893 0.8161 0.8285 0.6943 0.6631 0.6834 0.6259 0.7477 0.7743 0.8138 1.0000 0.6623 0.6005 0.6295 0.6190 0.3370 0.1062 0.5033 0.5555 0.2332 0.2915 0.6952 0.7228 0.4446 0.3706 0.1972 0.2758 0.0896 0.1288 0.4207 0.3630 0.4874 0.4276 0.6895 0.6207 0.6368 0.5379
0.9450 0.7726 0.6792 0.5252 0.2809 0.6850 0.4190 0.5186 0.2047 0.7617 0.2525 0.6525 0.3332 0.6302 0.2720 0.7655 0.7035 0.8433 0.8077 0.6015 0.5526 0.5446 0.5324 0.6110 0.5101 0.6616 0.4636 0.8012 0.6869 0.4977 0.4257 0.6196 0.4910 0.2099 0.7724 0.7619 0.7879 0.7661 0.7553 0.8134 0.7735 0.7103 0.7504 0.6130 0.6669 0.6798 0.6034 0.6623 1.0000 0.8003 0.7877 0.6455 0.4731 0.0098 0.5948 0.5913 0.4061 0.2506 0.7307 0.7610 0.4828 0.3379 0.2458 0.2417 0.1210 0.1877 0.3389 0.2082 0.5464 0.4577 0.7126 0.6266 0.7488 0.4553
0.7998 0.8981 0.5918 0.5984 0.2309 0.5362 0.4965 0.4271 0.1735 0.6140 0.2907 0.5370 0.4136 0.5505 0.2631 0.6812 0.7693 0.7837 0.7526 0.5547 0.4923 0.4583 0.4410 0.5467 0.5183 0.5738 0.4077 0.7287 0.6607 0.4413 0.3082 0.5405 0.4153 0.1838 0.7081 0.7184 0.7281 0.7571 0.6784 0.7452 0.7426 0.7349 0.6875 0.6369 0.6047 0.6816 0.4900 0.6005 0.8003 1.0000 0.7010 0.7000 0.3207 0.2034 0.4629 0.6859 0.2907 0.3274 0.6633 0.6818 0.3501 0.2658 0.1941 0.1563 0.0480 0.1053 0.2785 0.1730 0.4885 0.4651 0.6433 0.6450 0.6932 0.4355
0.7532 0.6765 0.5607 0.5227 0.2091 0.6186 0.4969 0.4729 0.2514 0.6785 0.2231 0.5802 0.3785 0.5570 0.3046 0.5338 0.5305 0.7206 0.7113 0.5023 0.4740 0.3733 0.3643 0.4891 0.3970 0.4660 0.2621 0.6417 0.5800 0.4251 0.3741 0.5768 0.4151 0.2169 0.6622 0.5855 0.6883 0.6364 0.6728 0.7118 0.6903 0.6564 0.7117 0.6306 0.6532 0.6502 0.5627 0.6295 0.7877 0.7010 1.0000 0.7991 0.5154 0.2055 0.3794 0.5162 0.2885 0.3330 0.7168 0.7201 0.4306 0.3250 0.2231 0.2246 0.1468 0.1223 0.3897 0.2910 0.3224 0.2717 0.4962 0.4287 0.6497 0.4390
0.6419 0.6889 0.4800 0.6106 0.1679 0.5386 0.6166 0.4957 0.2460 0.5830 0.2859 0.5314 0.4848 0.5161 0.3758 0.4736 0.5376 0.6414 0.6847 0.4549 0.4903 0.2963 0.2880 0.4405 0.3987 0.4235 0.2506 0.5749 0.5956 0.3865 0.3863 0.5213 0.3694 0.2410 0.6469 0.5617 0.6767 0.6351 0.6692 0.6942 0.6637 0.6805 0.6970 0.6575 0.6654 0.6830 0.5699 0.6190 0.6455 0.7000 0.7991 1.0000 0.3928 0.4011 0.3024 0.5059 0.2011 0.4495 0.6810 0.7534 0.4263 0.3402 0.2256 0.2651 0.1160 0.1567 0.3755 0.3402 0.2762 0.2591 0.4872 0.4266 0.6181 0.4586
0.4342 0.3285 0.4978 0.4291 0.1592 0.6571 0.3803 0.3380 0.2420 0.5595 0.3632 0.5732 0.3999 0.3494 0.2818 0.4045 0.3320 0.4115 0.4074 0.4061 0.3986 0.1789 0.2090 0.3133 0.3339 0.3746 0.3333 0.5485 0.5700 0.4192 0.3438 0.3488 0.2836 0.1174 0.3750 0.3242 0.4263 0.3883 0.2955 0.3182 0.3847 0.3433 0.4409 0.3458 0.3602 0.3117 0.3825 0.3370 0.4731 0.3207 0.5154 0.3928 1.0000 0.3446 0.4832 0.3579 0.5377 0.4464 0.5013 0.4712 0.3235 0.2497 0.2698 0.3288 0.2173 0.1893 0.3673 0.2697 0.2854 0.2143 0.2745 0.2178 0.3893 0.3187
-0.0004 0.1736 0.0920 0.3378 0.0331 0.1960 0.4579 0.0694 0.1890 0.1214 0.2377 0.1437 0.4162 0.1044 0.2540 0.0146 0.1179 0.1023 0.1724 0.0503 0.1612 -0.0891 -0.0675 0.0581 0.1698 0.0241 0.0066 0.1293 0.2946 0.1442 0.1448 0.1588 -0.0130 0.0647 0.0635 -0.0009 0.1067 0.0822 0.0635 0.0242 0.0734 0.1301 0.0970 0.1368 0.1420 0.1517 0.1474 0.1062 0.0098 0.2034 0.2055 0.4011 0.3446 1.0000 -0.0183 0.3395 -0.0260 0.4356 0.1958 0.2254 0.1509 0.1598 0.1536 0.1630 0.0873 0.0218 0.2641 0.3084 -0.0433 -0.0308 -0.0424 0.0116 0.0720 0.1959
0.5560 0.4294 0.4092 0.3539 0.2227 0.4900 0.2716 0.3664 0.2363 0.5693 0.4286 0.5528 0.3163 0.4405 0.2345 0.7371 0.6388 0.4567 0.4418 0.3766 0.3815 0.2917 0.3658 0.6097 0.5652 0.4976 0.6137 0.5303 0.5587 0.2601 0.1644 0.4363 0.3768 0.3576 0.4573 0.5282 0.4714 0.5179 0.4582 0.4880 0.4965 0.3952 0.4618 0.3961 0.4115 0.4007 0.4604 0.5033 0.5948 0.4629 0.3794 0.3024 0.4832 -0.0183 1.0000 0.5791 0.3053 0.1143 0.4014 0.4228 0.2561 0.1795 0.2425 0.2862 0.1740 0.2544 0.2205 0.1195 0.6650 0.6090 0.6715 0.6197 0.5070 0.3282
0.5576 0.6450 0.4252 0.5385 0.2692 0.4943 0.5729 0.4027 0.3423 0.5714 0.4040 0.4988 0.4987 0.4297 0.3360 0.5913 0.6980 0.5528 0.5718 0.3858 0.4465 0.2955 0.3613 0.5437 0.5696 0.4813 0.4683 0.6109 0.6637 0.3727 0.2709 0.4520 0.3459 0.2219 0.5203 0.5303 0.5582 0.5708 0.5127 0.5501 0.5503 0.5253 0.5107 0.5313 0.5094 0.5652 0.5200 0.5555 0.5913 0.6859 0.5162 0.5059 0.3579 0.3395 0.5791 1.0000 0.1268 0.2651 0.5506 0.5816 0.3540 0.3104 0.2738 0.2958 0.1629 0.1390 0.3435 0.3253 0.4459 0.4047 0.4995 0.5788 0.5378 0.4587
0.4424 0.3065 0.5394 0.4071 0.2273 0.4793 0.1779 0.3249 0.0612 0.3929 0.2812 0.4445 0.2881 0.3473 0.1318 0.3811 0.2989 0.3729 0.3414 0.5786 0.4775 0.3310 0.3134 0.2145 0.1746 0.4437 0.4021 0.5066 0.3895 0.5498 0.4007 0.2477 0.2152 0.0187 0.3924 0.3603 0.4454 0.4102 0.2663 0.3305 0.3949 0.3645 0.4625 0.2658 0.2650 0.2654 0.2357 0.2332 0.4061 0.2907 0.2885 0.2011 0.5377 -0.0260 0.3053 0.1268 1.0000 0.5381 0.5280 0.4208 0.2753 0.2048 0.2010 0.1666 0.1099 0.1556 0.1388 0.0239 0.2777 0.2269 0.3106 0.3216 0.4883 0.3768
0.3017 0.3851 0.4350 0.6292 0.1630 0.4149 0.5191 0.3158 0.1205 0.3312 0.4220 0.3939 0.5161 0.2987 0.3419 0.2399 0.3175 0.3115 0.3535 0.4781 0.5452 0.1432 0.1564 0.1919 0.2910 0.2758 0.2850 0.4121 0.4600 0.4946 0.4161 0.2451 0.1537 0.0554 0.3388 0.2638 0.3942 0.3452 0.2624 0.2923 0.3362 0.3933 0.3929 0.3646 0.3217 0.3829 0.2745 0.2915 0.2506 0.3274 0.3330 0.4495 0.4464 0.4356 0.1143 0.2651 0.5381 1.0000 0.5284 0.4873 0.3011 0.2489 0.2768 0.2559 0.1118 0.1369 0.2190 0.2404 0.1715 0.1736 0.2111 0.3062 0.4100 0.5583
0.7537 0.6819 0.6540 0.6153 0.3466 0.6427 0.5486 0.5457 0.3206 0.6704 0.3657 0.6225 0.5108 0.6198 0.4148 0.6188 0.6416 0.7342 0.7332 0.6735 0.6926 0.4693 0.4564 0.5379 0.5083 0.6056 0.4667 0.8151 0.7407 0.7989 0.7108 0.6443 0.5069 0.1570 0.7722 0.6506 0.8338 0.7246 0.7277 0.7794 0.7092 0.6630 0.7271 0.5875 0.7110 0.7257 0.7165 0.6952 0.7307 0.6633 0.7168 0.6810 0.5013 0.1958 0.4014 0.5506 0.5280 0.5284 1.0000 0.9220 0.5806 0.4845 0.3272 0.3286 0.1468 0.2081 0.5081 0.4085 0.4172 0.3543 0.5341 0.5292 0.7375 0.5877
0.7764 0.7132 0.6457 0.6379 0.3230 0.6626 0.6073 0.5768 0.3241 0.7061 0.3744 0.6619 0.5511 0.6610 0.4349 0.6179 0.6568 0.7378 0.7633 0.6299 0.6833 0.5008 0.4961 0.5490 0.5082 0.6514 0.4708 0.8146 0.7643 0.6945 0.6882 0.6722 0.4872 0.1678 0.7911 0.7028 0.8558 0.7767 0.7410 0.8122 0.7417 0.7186 0.7518 0.6704 0.7439 0.7657 0.7557 0.7228 0.7610 0.6818 0.7201 0.7534 0.4712 0.2254 0.4228 0.5816 0.4208 0.4873 0.9220 1.0000 0.6147 0.4805 0.3010 0.3328 0.1172 0.2175 0.5051 0.4066 0.4128 0.3349 0.5697 0.5198 0.7670 0.5833
0.4711 0.3878 0.4895 0.4267 0.2191 0.5223 0.3682 0.4249 0.2121 0.5859 0.2152 0.4875 0.3500 0.4958 0.3172 0.3906 0.3824 0.4607 0.5055 0.5158 0.5739 0.4338 0.3807 0.3817 0.3017 0.5275 0.3314 0.5300 0.4906 0.5302 0.5437 0.4904 0.3182 0.0995 0.4837 0.4053 0.5217 0.4446 0.4673 0.4724 0.4161 0.4101 0.4484 0.3710 0.4977 0.4789 0.5197 0.4446 0.4828 0.3501 0.4306 0.4263 0.3235 0.1509 0.2561 0.3540 0.2753 0.3011 0.5806 0.6147 1.0000 0.6395 0.4504 0.3346 0.2470 0.2733 0.4772 0.4639 0.1938 0.1455 0.3373 0.2817 0.5317 0.3674
0.3630 0.3353 0.3621 0.3853 0.1984 0.4165 0.4055 0.2987 0.2456 0.4524 0.2842 0.3479 0.4245 0.2989 0.3074 0.2781 0.3211 0.4102 0.4090 0.4261 0.5082 0.2421 0.2343 0.2383 0.2115 0.4050 0.2729 0.4116 0.4524 0.4910 0.5196 0.3108 0.3010 0.0396 0.3497 0.2320 0.3934 0.3016 0.3649 0.3357 0.2669 0.3043 0.3287 0.2602 0.3826 0.4266 0.4005 0.3706 0.3379 0.2658 0.3250 0.3402 0.2497 0.1598 0.1795 0.3104 0.2048 0.2489 0.4845 0.4805 0.6395 1.0000 0.3471 0.3983 0.2277 0.2808 0.4584 0.4911 0.0849 -0.0005 0.2089 0.2229 0.3350 0.4717
0.2548 0.2367 0.1798 0.2272 0.2045 0.2835 0.2243 0.1159 0.2279 0.2549 0.2093 0.2053 0.2355 0.1328 0.2021 0.3003 0.3087 0.2510 0.2416 0.2252 0.2430 0.0535 0.0523 0.3629 0.3298 0.1480 0.1754 0.3525 0.3839 0.3377 0.3851 0.2417 0.1887 0.1485 0.2098 0.1707 0.2067 0.1560 0.1759 0.1576 0.1451 0.1542 0.2206 0.2374 0.1633 0.1831 0.2571 0.1972 0.2458 0.1941 0.2231 0.2256 0.2698 0.1536 0.2425 0.2738 0.2010 0.2768 0.3272 0.3010 0.4504 0.3471 1.0000 0.5781 0.5145 0.4249 0.3597 0.3549 0.2175 0.2447 0.1777 0.2236 0.2576 0.2450
0.2333 0.2228 0.2244 0.3249 0.1420 0.3686 0.3486 0.1075 0.2867 0.2922 0.2801 0.2419 0.2855 0.1116 0.3058 0.2838 0.3117 0.2565 0.2583 0.2424 0.2880 -0.0397 0.0159 0.3823 0.4586 0.1532 0.2408 0.3757 0.4260 0.3017 0.3949 0.2689 0.2788 0.1626 0.1891 0.1599 0.2058 0.1394 0.2029 0.1843 0.1345 0.1349 0.2012 0.2359 0.1843 0.2333 0.3222 0.2758 0.2417 0.1563 0.2246 0.2651 0.3288 0.1630 0.2862 0.2958 0.1666 0.2559 0.3286 0.3328 0.3346 0.3983 0.5781 1.0000 0.4097 0.5567 0.3827 0.4020 0.2700 0.2424 0.2115 0.2286 0.1889 0.2717
0.0913 0.0739 0.0714 0.0802 0.1509 0.1567 0.1157 0.1216 0.2043 0.1353 0.1638 0.1488 0.1329 0.0393 0.1813 0.1958 0.1705 0.1245 0.1164 0.0879 0.1119 -0.0693 -0.0561 0.2059 0.2433 0.0520 0.0959 0.2069 0.2364 0.2034 0.2435 0.0969 0.1447 0.1053 0.0512 0.0383 0.0565 0.0057 0.0763 0.0406 0.0295 0.0137 0.1013 0.1170 0.0636 0.0432 0.1237 0.0896 0.1210 0.0480 0.1468 0.1160 0.2173 0.0873 0.1740 0.1629 0.1099 0.1118 0.1468 0.1172 0.2470 0.2277 0.5145 0.4097 1.0000 0.3663 0.2724 0.2454 0.1388 0.1261 0.0781 0.1363 0.0870 0.1839
0.1949 0.1376 0.1711 0.2185 0.1417 0.2512 0.1315 0.1458 0.1248 0.2224 0.1894 0.2070 0.1406 0.0444 0.1499 0.2478 0.2524 0.1749 0.1653 0.1971 0.2606 0.0002 0.0178 0.3053 0.2953 0.1649 0.1886 0.3007 0.3536 0.1890 0.2452 0.0511 0.0437 0.0619 0.1578 0.1589 0.1890 0.1385 0.1433 0.1496 0.1407 0.1573 0.1878 0.2297 0.1137 0.1554 0.1114 0.1288 0.1877 0.1053 0.1223 0.1567 0.1893 0.0218 0.2544 0.1390 0.1556 0.1369 0.2081 0.2175 0.2733 0.2808 0.4249 0.5567 0.3663 1.0000 0.1863 0.1277 0.2410 0.2234 0.2123 0.1827 0.1710 0.1642
0.3431 0.2879 0.3167 0.3078 0.0002 0.4124 0.3698 0.2028 0.2846 0.3871 0.3067 0.3271 0.3682 0.3386 0.3764 0.3264 0.3417 0.3949 0.4287 0.2984 0.3219 0.1155 0.0889 0.3530 0.3655 0.2318 0.1579 0.4446 0.4827 0.4621 0.5665 0.5541 0.4939 0.1819 0.3591 0.2818 0.3404 0.2747 0.3579 0.3558 0.2540 0.2186 0.3132 0.2249 0.3751 0.3344 0.5368 0.4207 0.3389 0.2785 0.3897 0.3755 0.3673 0.2641 0.2205 0.3435 0.1388 0.2190 0.5081 0.5051 0.4772 0.4584 0.3597 0.3827 0.2724 0.1863 1.0000 0.7502 0.2583 0.1829 0.2411 0.1755 0.3087 0.2830
0.2128 0.2335 0.2199 0.3061 -0.0320 0.3523 0.4164 0.0876 0.2320 0.2772 0.2747 0.1816 0.3556 0.2088 0.4112 0.2195 0.2448 0.3082 0.3677 0.2352 0.2721 0.0268 0.0095 0.3024 0.3155 0.1255 0.0996 0.3131 0.4161 0.3950 0.5065 0.4706 0.4757 0.2088 0.2328 0.1435 0.2000 0.1322 0.2862 0.2431 0.1171 0.1048 0.2077 0.1503 0.2916 0.2859 0.4901 0.3630 0.2082 0.1730 0.2910 0.3402 0.2697 0.3084 0.1195 0.3253 0.0239 0.2404 0.4085 0.4066 0.4639 0.4911 0.3549 0.4020 0.2454 0.1277 0.7502 1.0000 0.1402 0.0987 0.1553 0.1056 0.1749 0.2740
0.5587 0.4779 0.3984 0.3418 0.2170 0.3736 0.2605 0.2897 0.1772 0.4448 0.3531 0.4634 0.2897 0.4399 0.2550 0.8255 0.6474 0.4717 0.4586 0.3921 0.3467 0.2960 0.3633 0.7153 0.6689 0.4296 0.6018 0.5192 0.4982 0.2585 0.1812 0.4388 0.4005 0.3408 0.5444 0.6293 0.4778 0.5376 0.5121 0.5373 0.5253 0.4344 0.4683 0.4329 0.4020 0.4016 0.4138 0.4874 0.5464 0.4885 0.3224 0.2762 0.2854 -0.0433 0.6650 0.4459 0.2777 0.1715 0.4172 0.4128 0.1938 0.0849 0.2175 0.2700 0.1388 0.2410 0.2583 0.1402 1.0000 0.8172 0.7825 0.7168 0.4922 0.3295
0.4555 0.4515 0.3356 0.3168 0.1614 0.3028 0.2200 0.2085 0.1011 0.3430 0.3117 0.3755 0.2161 0.4090 0.1907 0.7402 0.6769 0.3855 0.3674 0.3322 0.2663 0.2499 0.3213 0.6991 0.7221 0.3802 0.5620 0.4310 0.4235 0.1863 0.0924 0.4001 0.3258 0.3645 0.4595 0.5631 0.3991 0.4735 0.4570 0.4688 0.4484 0.3829 0.3828 0.3878 0.3306 0.3524 0.3517 0.4276 0.4577 0.4651 0.2717 0.2591 0.2143 -0.0308 0.6090 0.4047 0.2269 0.1736 0.3543 0.3349 0.1455 -0.0005 0.2447 0.2424 0.1261 0.2234 0.1829 0.0987 0.8172 1.0000 0.7140 0.7228 0.4488 0.2378
0.7376 0.6346 0.5531 0.4726 0.1470 0.5040 0.3660 0.4118 0.1207 0.5942 0.3367 0.5632 0.3310 0.5753 0.2722 0.8273 0.7016 0.6461 0.6418 0.5527 0.4863 0.4001 0.4624 0.7249 0.6509 0.5697 0.5899 0.6248 0.5589 0.3065 0.2291 0.5971 0.5021 0.4245 0.7214 0.7936 0.6846 0.7119 0.8028 0.7865 0.7312 0.6421 0.6688 0.5895 0.6220 0.6272 0.5771 0.6895 0.7126 0.6433 0.4962 0.4872 0.2745 -0.0424 0.6715 0.4995 0.3106 0.2111 0.5341 0.5697 0.3373 0.2089 0.1777 0.2115 0.0781 0.2123 0.2411 0.1553 0.7825 0.7140 1.0000 0.8672 0.7065 0.4882
0.6571 0.6635 0.5308 0.5360 0.2314 0.4471 0.4639 0.3558 0.1890 0.5293 0.4312 0.5088 0.4273 0.5154 0.2782 0.7889 0.7348 0.6019 0.5697 0.5827 0.5551 0.3101 0.4438 0.7117 0.6852 0.5614 0.6556 0.6086 0.5685 0.3176 0.2061 0.4806 0.4409 0.3525 0.6632 0.7313 0.6490 0.6765 0.7132 0.7048 0.6826 0.6198 0.6100 0.5658 0.5612 0.6141 0.4892 0.6207 0.6266 0.6450 0.4287 0.4266 0.2178 0.0116 0.6197 0.5788 0.3216 0.3062 0.5292 0.5198 0.2817 0.2229 0.2236 0.2286 0.1363 0.1827 0.1755 0.1056 0.7168 0.7228 0.8672 1.0000 0.6780 0.6396
0.7784 0.7174 0.6034 0.5686 0.2651 0.5965 0.4585 0.5590 0.2669 0.7321 0.4261 0.7168 0.5107 0.7235 0.3426 0.6896 0.6669 0.7224 0.7572 0.6830 0.6741 0.4653 0.4608 0.5578 0.4965 0.6374 0.4777 0.7619 0.6468 0.5110 0.4157 0.6003 0.3782 0.1664 0.7852 0.7672 0.8254 0.7915 0.7166 0.7904 0.8166 0.7603 0.7799 0.6613 0.7174 0.7113 0.6383 0.6368 0.7488 0.6932 0.6497 0.6181 0.3893 0.0720 0.5070 0.5378 0.4883 0.4100 0.7375 0.7670 0.5317 0.3350 0.2576 0.1889 0.0870 0.1710 0.3087 0.1749 0.4922 0.4488 0.7065 0.6780 1.0000 0.6444
0.5183 0.5528 0.4634 0.5897 0.2251 0.4611 0.6077 0.3511 0.2935 0.5372 0.6356 0.5258 0.6627 0.4455 0.4331 0.4901 0.4953 0.5808 0.5685 0.6040 0.6973 0.1301 0.2697 0.4085 0.4165 0.4466 0.4525 0.5697 0.6097 0.4447 0.4123 0.3589 0.3227 0.1074 0.5613 0.4977 0.6067 0.5357 0.5572 0.5503 0.5635 0.5701 0.5667 0.5033 0.5751 0.6466 0.4838 0.5379 0.4553 0.4355 0.4390 0.4586 0.3187 0.1959 0.3282 0.4587 0.3768 0.5583 0.5877 0.5833 0.3674 0.4717 0.2450 0.2717 0.1839 0.1642 0.2830 0.2740 0.3295 0.2378 0.4882 0.6396 0.6444 1.0000
