1.0000 0.7852 0.7910 0.7153 0.1282 0.7623 0.5619 0.1774 -0.1115 0.6008 0.3433 0.6200 0.3231 0.3029 0.1540 0.7716 0.5924 0.8895 0.8024 0.8120 0.7191 0.3944 0.3244 0.5341 0.4602 0.4519 0.3824 0.7023 0.6297 0.6157 0.5163 0.2268 0.3436 0.2506 0.5533 0.5467 0.5520 0.5055 0.6494 0.5379 0.4047 0.3817 0.3887 0.3115 0.3906 0.3931 0.3809 0.2654 0.9076 0.6989 0.7340 0.5888 0.6250 0.4110 0.7149 0.5013 0.6023 0.5261 0.7785 0.6391 0.2873 0.3089 0.4532 0.4228 0.4486 0.3755 0.4461 0.4497 0.4915 0.3842 0.5658 0.4040 0.3685 0.3724
0.7852 1.0000 0.6886 0.8256 0.2534 0.5656 0.7919 0.2318 0.1079 0.5053 0.6026 0.5343 0.6021 0.2619 0.3777 0.6866 0.7488 0.8666 0.8504 0.7656 0.7413 0.3852 0.3650 0.5398 0.6032 0.4732 0.4657 0.7651 0.7681 0.6478 0.5548 0.2867 0.4366 0.3091 0.6245 0.7320 0.6868 0.7335 0.6771 0.7341 0.4860 0.6293 0.4270 0.5187 0.4214 0.5769 0.4875 0.4345 0.7283 0.8960 0.6809 0.6787 0.5110 0.5691 0.5415 0.6915 0.5112 0.6516 0.7987 0.7637 0.3529 0.4217 0.4790 0.5289 0.4667 0.4805 0.5286 0.5489 0.4341 0.5491 0.5153 0.6086 0.3554 0.5407
0.7910 0.6886 1.0000 0.8516 0.1399 0.8888 0.6758 0.2824 -0.1456 0.6081 0.3674 0.6402 0.3672 0.3234 0.1170 0.6274 0.4758 0.7231 0.7101 0.8400 0.8114 0.4067 0.3147 0.5573 0.4392 0.4604 0.3607 0.6513 0.6096 0.5009 0.4160 0.2933 0.3257 0.2577 0.5069 0.4695 0.5424 0.4968 0.5142 0.4903 0.5326 0.4436 0.5065 0.4085 0.3366 0.3772 0.3506 0.1878 0.7951 0.6907 0.7859 0.6556 0.6826 0.5463 0.6179 0.4667 0.7045 0.5730 0.6649 0.5818 0.2678 0.2444 0.4628 0.3852 0.4491 0.4160 0.3702 0.3426 0.4258 0.3042 0.5255 0.4101 0.3973 0.3340
0.7153 0.8256 0.8516 1.0000 0.2177 0.7112 0.8535 0.2940 -0.0204 0.5266 0.5201 0.5549 0.5263 0.2525 0.2428 0.6067 0.5853 0.7663 0.7877 0.8028 0.8388 0.3696 0.3228 0.5462 0.5459 0.4375 0.4106 0.6590 0.6763 0.5702 0.5060 0.3402 0.4207 0.3017 0.5474 0.5891 0.5941 0.6143 0.5757 0.6406 0.5374 0.5704 0.4960 0.5034 0.3917 0.5023 0.4715 0.3103 0.6749 0.7967 0.7379 0.7502 0.6175 0.6375 0.5266 0.6312 0.5873 0.6870 0.7146 0.6868 0.3307 0.3750 0.4744 0.5017 0.4701 0.4980 0.5018 0.4941 0.4059 0.3976 0.4813 0.5014 0.3563 0.4359
0.1282 0.2534 0.1399 0.2177 1.0000 0.0580 0.3210 0.6562 0.6625 0.4849 0.5600 0.4155 0.5169 0.6325 0.7895 0.3671 0.4635 0.1899 0.3233 0.3527 0.4319 0.6262 0.7008 0.5434 0.5473 0.6826 0.7462 0.4422 0.5099 0.4254 0.4912 0.5318 0.3227 0.6190 0.5612 0.5112 0.4980 0.4642 0.4731 0.3861 0.5364 0.4438 0.5872 0.4855 0.5856 0.4508 0.5386 0.4567 0.1584 0.2585 0.0103 -0.1300 0.1108 0.2142 0.3873 0.3578 0.2579 0.2346 0.2803 0.3978 0.6687 0.6800 0.5306 0.5132 0.4860 0.4879 0.4275 0.3410 0.3381 0.4021 0.5062 0.4839 0.6390 0.5240
0.7623 0.5656 0.8888 0.7112 0.0580 1.0000 0.5760 0.0861 -0.2332 0.6124 0.3126 0.7082 0.2896 0.1445 0.0217 0.6115 0.3983 0.5925 0.5262 0.7163 0.6920 0.2992 0.2329 0.5155 0.3612 0.3504 0.2859 0.4988 0.4908 0.4032 0.3322 0.2235 0.3243 0.1337 0.3811 0.3539 0.4090 0.3779 0.4235 0.3619 0.4233 0.3652 0.4280 0.3348 0.2832 0.2886 0.2976 0.1897 0.7447 0.5562 0.6872 0.5746 0.6969 0.4163 0.6266 0.4388 0.6856 0.5483 0.5454 0.4406 0.1423 0.2060 0.3633 0.3599 0.3553 0.3853 0.3233 0.3181 0.3848 0.2691 0.4867 0.3294 0.3294 0.3003
0.5619 0.7919 0.6758 0.8535 0.3210 0.5760 1.0000 0.3676 0.2207 0.5345 0.7434 0.5530 0.7864 0.2871 0.3841 0.5359 0.6487 0.6281 0.7391 0.7121 0.7782 0.4144 0.3926 0.5734 0.6128 0.4540 0.4711 0.6069 0.6628 0.5491 0.5489 0.4393 0.4404 0.3541 0.6006 0.6569 0.6264 0.6860 0.5698 0.6953 0.6069 0.6912 0.5887 0.6739 0.5131 0.6413 0.5705 0.4474 0.5668 0.7914 0.6328 0.6482 0.6036 0.7324 0.5245 0.6616 0.5720 0.7694 0.6819 0.7449 0.4743 0.4729 0.5556 0.5199 0.4930 0.5324 0.5317 0.5347 0.3624 0.5009 0.5018 0.6637 0.4574 0.5936
0.1774 0.2318 0.2824 0.2940 0.6562 0.0861 0.3676 1.0000 0.5540 0.5249 0.4654 0.3969 0.5221 0.8693 0.5117 0.3512 0.4556 0.1930 0.4430 0.4116 0.4265 0.5535 0.4836 0.5726 0.5101 0.5838 0.5037 0.5007 0.4348 0.4675 0.4915 0.6219 0.1272 0.6976 0.6792 0.4987 0.6325 0.5172 0.5163 0.4555 0.7023 0.4974 0.7333 0.5302 0.5971 0.4216 0.5022 0.2054 0.2719 0.3116 0.1650 -0.0739 0.2572 0.2927 0.4963 0.2011 0.4636 0.3154 0.3163 0.4622 0.6863 0.3806 0.6253 0.3352 0.5236 0.3287 0.4060 0.2958 0.4077 0.3046 0.5592 0.4952 0.7421 0.3592
-0.1115 0.1079 -0.1456 -0.0204 0.6625 -0.2332 0.2207 0.5540 1.0000 0.2618 0.4244 0.0907 0.4965 0.5165 0.7250 0.0775 0.3008 -0.0023 0.1587 0.0321 0.0907 0.3203 0.4119 0.2685 0.3172 0.3224 0.3995 0.2221 0.2527 0.2176 0.2400 0.4257 0.0787 0.4979 0.3123 0.3046 0.3573 0.3084 0.2127 0.2756 0.3573 0.3433 0.4096 0.3191 0.3331 0.2354 0.3084 0.2180 0.0172 0.2058 -0.0752 -0.1500 0.0567 0.2089 0.2260 0.2366 0.1552 0.1046 0.1211 0.2616 0.4629 0.3320 0.3142 0.1687 0.2162 0.1204 0.2446 0.1885 0.0902 0.2306 0.2854 0.3763 0.4040 0.2894
0.6008 0.5053 0.6081 0.5266 0.4849 0.6124 0.5345 0.5249 0.2618 1.0000 0.5500 0.8738 0.5395 0.6438 0.4232 0.7544 0.6149 0.5411 0.5775 0.6944 0.6760 0.5315 0.4837 0.7881 0.6126 0.6420 0.6087 0.6446 0.6232 0.6068 0.5438 0.5984 0.4116 0.6124 0.6679 0.5552 0.6048 0.5300 0.6363 0.4851 0.6465 0.5188 0.6857 0.4987 0.6322 0.4505 0.6144 0.3797 0.6145 0.4935 0.4790 0.2584 0.5501 0.3652 0.7779 0.4250 0.6843 0.4748 0.5462 0.5472 0.5876 0.5152 0.6530 0.5354 0.5912 0.5049 0.5467 0.4760 0.5808 0.4505 0.7862 0.5499 0.7313 0.5075
0.3433 0.6026 0.3674 0.5201 0.5600 0.3126 0.7434 0.4654 0.4244 0.5500 1.0000 0.5653 0.9168 0.4088 0.6384 0.4729 0.7770 0.3771 0.5662 0.5242 0.5914 0.4567 0.4512 0.5609 0.7876 0.5836 0.6237 0.5810 0.6538 0.5882 0.6624 0.5157 0.4871 0.4819 0.6318 0.6614 0.6168 0.6868 0.5442 0.6207 0.6376 0.7459 0.6470 0.8022 0.6503 0.7518 0.6142 0.6508 0.3337 0.6129 0.3359 0.2774 0.3314 0.5309 0.4955 0.6708 0.4893 0.6506 0.5212 0.6665 0.5633 0.5704 0.5707 0.6401 0.5174 0.5639 0.5297 0.5142 0.3908 0.6606 0.5425 0.8495 0.6419 0.8496
0.6200 0.5343 0.6402 0.5549 0.4155 0.7082 0.5530 0.3969 0.0907 0.8738 0.5653 1.0000 0.5252 0.5067 0.3450 0.7455 0.6161 0.5297 0.5310 0.7039 0.7039 0.4904 0.4409 0.7821 0.6168 0.6518 0.6130 0.6322 0.6277 0.6078 0.5499 0.5024 0.4183 0.4969 0.6394 0.5497 0.5727 0.5296 0.6296 0.4434 0.5899 0.4961 0.6318 0.5031 0.5960 0.4621 0.5863 0.4027 0.6125 0.4888 0.4762 0.3045 0.5235 0.3415 0.7339 0.4263 0.6796 0.5151 0.5237 0.5086 0.5228 0.5268 0.6494 0.5666 0.6189 0.5582 0.5603 0.5281 0.5932 0.5199 0.7648 0.5657 0.6935 0.5335
0.3231 0.6021 0.3672 0.5263 0.5169 0.2896 0.7864 0.5221 0.4965 0.5395 0.9168 0.5252 1.0000 0.4514 0.6170 0.4478 0.7615 0.3786 0.5825 0.5009 0.5814 0.4559 0.4589 0.5573 0.7401 0.5340 0.5550 0.5407 0.5799 0.5233 0.5878 0.5501 0.4183 0.4921 0.6334 0.6541 0.6608 0.7106 0.5396 0.6579 0.6611 0.7515 0.6807 0.7631 0.6129 0.6975 0.6013 0.5591 0.3821 0.6409 0.3747 0.3016 0.4274 0.5992 0.5190 0.6117 0.5275 0.6652 0.5256 0.6832 0.5764 0.4769 0.5719 0.5649 0.4923 0.5129 0.5177 0.5015 0.3398 0.6281 0.5372 0.8446 0.6199 0.7542
0.3029 0.2619 0.3234 0.2525 0.6325 0.1445 0.2871 0.8693 0.5165 0.6438 0.4088 0.5067 0.4514 1.0000 0.5612 0.4676 0.4871 0.2986 0.4779 0.4942 0.4618 0.6128 0.5625 0.6567 0.5365 0.6705 0.5710 0.5583 0.4632 0.5197 0.5008 0.6217 0.1734 0.7497 0.6974 0.5103 0.6406 0.4970 0.5743 0.4568 0.6511 0.4319 0.6834 0.4510 0.5398 0.3962 0.4759 0.2435 0.4117 0.3114 0.2343 -0.0685 0.2959 0.2293 0.5910 0.1617 0.5056 0.2562 0.3846 0.4746 0.6835 0.3905 0.6604 0.3407 0.5585 0.3108 0.3875 0.2918 0.4789 0.3290 0.6540 0.4879 0.7464 0.3729
0.1540 0.3777 0.1170 0.2428 0.7895 0.0217 0.3841 0.5117 0.7250 0.4232 0.6384 0.3450 0.6170 0.5612 1.0000 0.3413 0.5646 0.2327 0.3287 0.2730 0.3560 0.3932 0.5040 0.4981 0.6378 0.5032 0.5912 0.4057 0.4701 0.4155 0.4175 0.4449 0.3803 0.5994 0.4489 0.5111 0.4644 0.4814 0.3900 0.4403 0.4157 0.4639 0.4606 0.4877 0.4066 0.4744 0.4095 0.5144 0.2152 0.3840 0.1062 0.0073 0.1548 0.2383 0.3578 0.4535 0.2823 0.3282 0.3022 0.4059 0.5043 0.5521 0.4567 0.4752 0.4345 0.4439 0.3849 0.3475 0.3125 0.4769 0.4518 0.5828 0.5011 0.6253
0.7716 0.6866 0.6274 0.6067 0.3671 0.6115 0.5359 0.3512 0.0775 0.7544 0.4729 0.7455 0.4478 0.4676 0.3413 1.0000 0.7167 0.7450 0.6887 0.7708 0.7151 0.5307 0.4985 0.8155 0.6542 0.6116 0.5973 0.7495 0.7192 0.6815 0.6012 0.5162 0.4822 0.5190 0.7234 0.6703 0.6606 0.6025 0.7784 0.5718 0.5562 0.5238 0.5623 0.4748 0.5952 0.4553 0.6407 0.4382 0.7002 0.6000 0.4814 0.3299 0.4546 0.3262 0.7765 0.5552 0.5911 0.4824 0.6451 0.5900 0.4749 0.5169 0.6275 0.5838 0.5601 0.5082 0.5534 0.5127 0.7636 0.4915 0.8165 0.5605 0.6107 0.5298
0.5924 0.7488 0.4758 0.5853 0.4635 0.3983 0.6487 0.4556 0.3008 0.6149 0.7770 0.6161 0.7615 0.4871 0.5646 0.7167 1.0000 0.6357 0.7248 0.6566 0.6509 0.5148 0.4811 0.6535 0.8430 0.6290 0.6012 0.7330 0.7136 0.7019 0.6767 0.4790 0.4502 0.5382 0.7395 0.7710 0.7446 0.7593 0.7165 0.6849 0.6091 0.7123 0.5970 0.6809 0.6003 0.6905 0.5899 0.5809 0.5586 0.6989 0.4210 0.3073 0.3974 0.4457 0.6757 0.6707 0.5463 0.6440 0.6512 0.7098 0.4848 0.4704 0.5761 0.6439 0.5538 0.5189 0.5944 0.5931 0.5930 0.8080 0.6571 0.8426 0.6093 0.7669
0.8895 0.8666 0.7231 0.7663 0.1899 0.5925 0.6281 0.1930 -0.0023 0.5411 0.3771 0.5297 0.3786 0.2986 0.2327 0.7450 0.6357 1.0000 0.8959 0.8214 0.7416 0.4057 0.3657 0.5299 0.4863 0.4717 0.4431 0.7626 0.7111 0.6654 0.5718 0.2555 0.4009 0.2976 0.5841 0.6413 0.5708 0.5876 0.6918 0.6356 0.3682 0.4142 0.3240 0.2997 0.4006 0.4632 0.4387 0.3280 0.7987 0.7542 0.7015 0.6351 0.5367 0.4746 0.5917 0.5588 0.4893 0.4976 0.8371 0.7171 0.3561 0.4274 0.4735 0.5039 0.4675 0.4452 0.5522 0.5475 0.4745 0.4334 0.5365 0.4195 0.3234 0.3844
0.8024 0.8504 0.7101 0.7877 0.3233 0.5262 0.7391 0.4430 0.1587 0.5775 0.5662 0.5310 0.5825 0.4779 0.3287 0.6887 0.7248 0.8959 1.0000 0.8342 0.7647 0.5077 0.4236 0.5774 0.6161 0.5634 0.4988 0.8189 0.7628 0.7358 0.7072 0.4197 0.4166 0.4299 0.7458 0.7441 0.7208 0.7345 0.7625 0.7740 0.5801 0.6030 0.5311 0.5298 0.5695 0.6277 0.5599 0.3986 0.7457 0.8100 0.6941 0.5719 0.5760 0.6005 0.6562 0.6099 0.5573 0.6194 0.8883 0.8844 0.5408 0.4703 0.5825 0.5683 0.5328 0.5125 0.5726 0.5606 0.4997 0.4882 0.5847 0.5931 0.5046 0.5065
0.8120 0.7656 0.8400 0.8028 0.3527 0.7163 0.7121 0.4116 0.0321 0.6944 0.5242 0.7039 0.5009 0.4942 0.2730 0.7708 0.6566 0.8214 0.8342 1.0000 0.9478 0.6725 0.5874 0.6860 0.5797 0.7294 0.6612 0.8397 0.8118 0.7077 0.6576 0.4466 0.3918 0.4348 0.7185 0.6641 0.6558 0.6377 0.7423 0.6233 0.6030 0.5436 0.5794 0.5113 0.5885 0.5618 0.5864 0.3668 0.7484 0.7048 0.6808 0.5174 0.5626 0.4975 0.6951 0.5609 0.6714 0.5698 0.7686 0.7297 0.5443 0.5305 0.6559 0.5523 0.6048 0.5464 0.5411 0.4877 0.5479 0.4595 0.6693 0.5462 0.5840 0.5121
0.7191 0.7413 0.8114 0.8388 0.4319 0.6920 0.7782 0.4265 0.0907 0.6760 0.5914 0.7039 0.5814 0.4618 0.3560 0.7151 0.6509 0.7416 0.7647 0.9478 1.0000 0.6663 0.6275 0.7033 0.6222 0.7390 0.7204 0.7836 0.8068 0.6736 0.6396 0.4953 0.4379 0.4760 0.6801 0.6492 0.6335 0.6352 0.6971 0.5979 0.6188 0.5604 0.6068 0.5431 0.5800 0.5762 0.6139 0.4153 0.6683 0.6761 0.6295 0.5023 0.5472 0.5216 0.6431 0.5888 0.6512 0.5891 0.6973 0.6948 0.5509 0.5826 0.6639 0.5915 0.6229 0.5921 0.5646 0.5113 0.5201 0.5068 0.6514 0.5754 0.5894 0.5647
0.3944 0.3852 0.4067 0.3696 0.6262 0.2992 0.4144 0.5535 0.3203 0.5315 0.4567 0.4904 0.4559 0.6128 0.3932 0.5307 0.5148 0.4057 0.5077 0.6725 0.6663 1.0000 0.9378 0.5903 0.5037 0.8732 0.8038 0.5800 0.5700 0.5209 0.5434 0.5058 0.2251 0.5175 0.6488 0.5580 0.5614 0.5065 0.6055 0.4320 0.5694 0.4682 0.5944 0.5088 0.5776 0.4836 0.5633 0.3850 0.3829 0.3536 0.2093 0.0263 0.2713 0.2960 0.5591 0.3483 0.4145 0.3318 0.4330 0.5003 0.6356 0.5578 0.5831 0.4323 0.4614 0.4107 0.3459 0.3122 0.4476 0.4236 0.5975 0.5284 0.6155 0.4691
0.3244 0.3650 0.3147 0.3228 0.7008 0.2329 0.3926 0.4836 0.4119 0.4837 0.4512 0.4409 0.4589 0.5625 0.5040 0.4985 0.4811 0.3657 0.4236 0.5874 0.6275 0.9378 1.0000 0.5694 0.4972 0.8452 0.8365 0.5053 0.5372 0.4739 0.4943 0.4953 0.2604 0.5126 0.5763 0.5379 0.5117 0.4778 0.5554 0.4068 0.4980 0.4351 0.5294 0.4501 0.5070 0.4354 0.5297 0.4307 0.3292 0.3171 0.1529 0.0019 0.2349 0.2564 0.4901 0.3489 0.3461 0.2839 0.3847 0.4466 0.5969 0.6020 0.5047 0.4556 0.3897 0.4091 0.3272 0.3086 0.4002 0.4367 0.5540 0.5061 0.5382 0.4715
0.5341 0.5398 0.5573 0.5462 0.5434 0.5155 0.5734 0.5726 0.2685 0.7881 0.5609 0.7821 0.5573 0.6567 0.4981 0.8155 0.6535 0.5299 0.5774 0.6860 0.7033 0.5903 0.5694 1.0000 0.7412 0.7009 0.6868 0.6972 0.7124 0.6422 0.5983 0.7299 0.5548 0.7326 0.7471 0.6753 0.6492 0.6219 0.7486 0.5783 0.6624 0.5651 0.6977 0.5754 0.6689 0.5273 0.7253 0.5170 0.5307 0.4964 0.3749 0.2035 0.4214 0.3354 0.7166 0.5073 0.6028 0.4768 0.5303 0.5708 0.6300 0.6128 0.8066 0.5984 0.7058 0.5624 0.6306 0.5584 0.7556 0.5282 0.8822 0.6229 0.7642 0.5855
0.4602 0.6032 0.4392 0.5459 0.5473 0.3612 0.6128 0.5101 0.3172 0.6126 0.7876 0.6168 0.7401 0.5365 0.6378 0.6542 0.8430 0.4863 0.6161 0.5797 0.6222 0.5037 0.4972 0.7412 1.0000 0.6212 0.6133 0.6436 0.6805 0.6881 0.6992 0.6228 0.6195 0.6185 0.7007 0.7212 0.6547 0.6934 0.7015 0.6565 0.6227 0.6668 0.6220 0.7003 0.6427 0.7035 0.6782 0.6679 0.4180 0.5616 0.3508 0.2142 0.3489 0.3659 0.5746 0.5984 0.4888 0.6162 0.5526 0.6527 0.5416 0.5376 0.6251 0.7657 0.5770 0.6037 0.6233 0.6074 0.6417 0.7822 0.7123 0.8140 0.6715 0.7934
0.4519 0.4732 0.4604 0.4375 0.6826 0.3504 0.4540 0.5838 0.3224 0.6420 0.5836 0.6518 0.5340 0.6705 0.5032 0.6116 0.6290 0.4717 0.5634 0.7294 0.7390 0.8732 0.8452 0.7009 0.6212 1.0000 0.9388 0.7211 0.7423 0.6416 0.6536 0.5582 0.3241 0.6137 0.6998 0.6124 0.6177 0.5757 0.6502 0.4616 0.6127 0.5038 0.6311 0.5322 0.6213 0.5444 0.6024 0.4522 0.4316 0.4200 0.2601 0.0602 0.2661 0.2854 0.6193 0.4479 0.4814 0.3589 0.4898 0.5535 0.7096 0.6640 0.6843 0.5483 0.6134 0.5165 0.4793 0.4318 0.5413 0.5587 0.6820 0.5968 0.7011 0.5701
0.3824 0.4657 0.3607 0.4106 0.7462 0.2859 0.4711 0.5037 0.3995 0.6087 0.6237 0.6130 0.5550 0.5710 0.5912 0.5973 0.6012 0.4431 0.4988 0.6612 0.7204 0.8038 0.8365 0.6868 0.6133 0.9388 1.0000 0.6684 0.7554 0.6331 0.6586 0.5632 0.3985 0.6149 0.6484 0.6067 0.5629 0.5571 0.6176 0.4333 0.5632 0.4957 0.5843 0.5161 0.6285 0.5361 0.6403 0.5233 0.3360 0.3759 0.1779 0.0198 0.2041 0.2438 0.5384 0.4955 0.4023 0.3281 0.4451 0.5150 0.6933 0.7740 0.6715 0.5897 0.6207 0.5498 0.5164 0.4618 0.5028 0.5525 0.6396 0.5628 0.6564 0.6087
0.7023 0.7651 0.6513 0.6590 0.4422 0.4988 0.6069 0.5007 0.2221 0.6446 0.5810 0.6322 0.5407 0.5583 0.4057 0.7495 0.7330 0.7626 0.8189 0.8397 0.7836 0.5800 0.5053 0.6972 0.6436 0.7211 0.6684 1.0000 0.9424 0.7776 0.6982 0.4952 0.3972 0.5236 0.7835 0.7391 0.7696 0.7366 0.7686 0.6527 0.6756 0.6487 0.6275 0.5725 0.6320 0.5631 0.6325 0.4183 0.6575 0.7266 0.5878 0.4004 0.4821 0.4751 0.6669 0.6405 0.6331 0.5362 0.7696 0.7686 0.5917 0.5351 0.6798 0.5751 0.6232 0.5412 0.5945 0.5366 0.5604 0.5347 0.6894 0.6084 0.6560 0.5585
0.6297 0.7681 0.6096 0.6763 0.5099 0.4908 0.6628 0.4348 0.2527 0.6232 0.6538 0.6277 0.5799 0.4632 0.4701 0.7192 0.7136 0.7111 0.7628 0.8118 0.8068 0.5700 0.5372 0.7124 0.6805 0.7423 0.7554 0.9424 1.0000 0.7649 0.7262 0.5359 0.5124 0.5324 0.7320 0.7396 0.7039 0.7257 0.7388 0.6470 0.6485 0.6591 0.6049 0.5980 0.6479 0.5993 0.6886 0.5227 0.5553 0.7011 0.5241 0.3919 0.4239 0.4526 0.6004 0.7083 0.5651 0.5454 0.7208 0.7488 0.6022 0.6545 0.6887 0.6611 0.6357 0.6147 0.6483 0.5981 0.5385 0.5745 0.6632 0.6002 0.6277 0.6192
0.6157 0.6478 0.5009 0.5702 0.4254 0.4032 0.5491 0.4675 0.2176 0.6068 0.5882 0.6078 0.5233 0.5197 0.4155 0.6815 0.7019 0.6654 0.7358 0.7077 0.6736 0.5209 0.4739 0.6422 0.6881 0.6416 0.6331 0.7776 0.7649 1.0000 0.8888 0.6041 0.5510 0.5645 0.7532 0.7285 0.6947 0.7115 0.7769 0.6717 0.5779 0.5883 0.5631 0.5606 0.6709 0.6009 0.6887 0.5360 0.5311 0.5525 0.4584 0.2803 0.4258 0.3530 0.6306 0.5648 0.5789 0.5564 0.7447 0.7624 0.6153 0.5950 0.6487 0.6770 0.5957 0.5606 0.6623 0.6511 0.5613 0.5851 0.6532 0.6181 0.6471 0.6129
0.5163 0.5548 0.4160 0.5060 0.4912 0.3322 0.5489 0.4915 0.2400 0.5438 0.6624 0.5499 0.5878 0.5008 0.4175 0.6012 0.6767 0.5718 0.7072 0.6576 0.6396 0.5434 0.4943 0.5983 0.6992 0.6536 0.6586 0.6982 0.7262 0.8888 1.0000 0.6235 0.5716 0.5589 0.7607 0.7299 0.6468 0.7082 0.7646 0.6886 0.5921 0.5958 0.5823 0.6055 0.7339 0.6748 0.7127 0.6113 0.4316 0.4854 0.3700 0.2150 0.3628 0.3679 0.5703 0.5448 0.4831 0.5502 0.7135 0.7881 0.6731 0.6621 0.6420 0.7254 0.5725 0.5805 0.6894 0.6714 0.5314 0.6084 0.6093 0.6454 0.6571 0.6720
0.2268 0.2867 0.2933 0.3402 0.5318 0.2235 0.4393 0.6219 0.4257 0.5984 0.5157 0.5024 0.5501 0.6217 0.4449 0.5162 0.4790 0.2555 0.4197 0.4466 0.4953 0.5058 0.4953 0.7299 0.6228 0.5582 0.5632 0.4952 0.5359 0.6041 0.6235 1.0000 0.5806 0.8084 0.6436 0.5585 0.5409 0.5426 0.6501 0.5443 0.6418 0.5230 0.6918 0.5519 0.7083 0.4988 0.8201 0.5323 0.2499 0.2760 0.2112 0.0096 0.2923 0.2641 0.5320 0.3474 0.4674 0.3332 0.3883 0.5165 0.6855 0.5159 0.6691 0.5498 0.5067 0.4554 0.5972 0.5129 0.4996 0.4010 0.6888 0.5213 0.7434 0.4956
0.3436 0.4366 0.3257 0.4207 0.3227 0.3243 0.4404 0.1272 0.0787 0.4116 0.4871 0.4183 0.4183 0.1734 0.3803 0.4822 0.4502 0.4009 0.4166 0.3918 0.4379 0.2251 0.2604 0.5548 0.6195 0.3241 0.3985 0.3972 0.5124 0.5510 0.5716 0.5806 1.0000 0.4632 0.4302 0.5402 0.3272 0.4806 0.5259 0.5601 0.3519 0.4448 0.3511 0.4614 0.5031 0.5523 0.6197 0.7758 0.2479 0.3279 0.3075 0.2700 0.2764 0.2227 0.3194 0.4802 0.2889 0.4274 0.4654 0.4991 0.3930 0.5454 0.4432 0.6622 0.4186 0.5173 0.5982 0.5817 0.4311 0.4493 0.4951 0.4490 0.4163 0.6133
0.2506 0.3091 0.2577 0.3017 0.6190 0.1337 0.3541 0.6976 0.4979 0.6124 0.4819 0.4969 0.4921 0.7497 0.5994 0.5190 0.5382 0.2976 0.4299 0.4348 0.4760 0.5175 0.5126 0.7326 0.6185 0.6137 0.6149 0.5236 0.5324 0.5645 0.5589 0.8084 0.4632 1.0000 0.6300 0.5475 0.5583 0.5074 0.6093 0.4622 0.5843 0.4550 0.6334 0.4682 0.5956 0.4338 0.6679 0.4558 0.2882 0.2760 0.1613 -0.0541 0.2242 0.1702 0.5524 0.3118 0.4234 0.2732 0.3588 0.4640 0.6308 0.5111 0.6612 0.4574 0.5502 0.3536 0.5221 0.4173 0.5741 0.4328 0.6941 0.5133 0.7236 0.4761
0.5533 0.6245 0.5069 0.5474 0.5612 0.3811 0.6006 0.6792 0.3123 0.6679 0.6318 0.6394 0.6334 0.6974 0.4489 0.7234 0.7395 0.5841 0.7458 0.7185 0.6801 0.6488 0.5763 0.7471 0.7007 0.6998 0.6484 0.7835 0.7320 0.7532 0.7607 0.6436 0.4302 0.6300 1.0000 0.8830 0.8941 0.8554 0.9116 0.8106 0.8334 0.7631 0.8044 0.7313 0.7962 0.6769 0.7455 0.5238 0.5558 0.6123 0.4296 0.2221 0.4200 0.4331 0.6902 0.4919 0.5943 0.5589 0.7053 0.7926 0.7312 0.5912 0.7316 0.5842 0.6296 0.5348 0.6039 0.5296 0.6427 0.5312 0.7730 0.7028 0.7889 0.6315
0.5467 0.7320 0.4695 0.5891 0.5112 0.3539 0.6569 0.4987 0.3046 0.5552 0.6614 0.5497 0.6541 0.5103 0.5111 0.6703 0.7710 0.6413 0.7441 0.6641 0.6492 0.5580 0.5379 0.6753 0.7212 0.6124 0.6067 0.7391 0.7396 0.7285 0.7299 0.5585 0.5402 0.5475 0.8830 1.0000 0.8396 0.9357 0.8563 0.8984 0.6960 0.8178 0.6347 0.7537 0.6801 0.7692 0.6948 0.6733 0.5150 0.6813 0.4403 0.3493 0.3702 0.4537 0.5715 0.5979 0.4830 0.6118 0.7265 0.8172 0.6115 0.6156 0.6274 0.6372 0.5393 0.5641 0.6200 0.6155 0.5851 0.6286 0.6850 0.7388 0.6268 0.7016
0.5520 0.6868 0.5424 0.5941 0.4980 0.4090 0.6264 0.6325 0.3573 0.6048 0.6168 0.5727 0.6608 0.6406 0.4644 0.6606 0.7446 0.5708 0.7208 0.6558 0.6335 0.5614 0.5117 0.6492 0.6547 0.6177 0.5629 0.7696 0.7039 0.6947 0.6468 0.5409 0.3272 0.5583 0.8941 0.8396 1.0000 0.9070 0.7948 0.7933 0.8645 0.8360 0.8007 0.7396 0.6087 0.5634 0.6168 0.4094 0.6268 0.7332 0.5272 0.3479 0.5102 0.5285 0.6732 0.5581 0.6468 0.6130 0.7223 0.7895 0.5712 0.4175 0.6041 0.4669 0.5063 0.4248 0.4768 0.4328 0.5245 0.5132 0.6741 0.7220 0.6608 0.5614
0.5055 0.7335 0.4968 0.6143 0.4642 0.3779 0.6860 0.5172 0.3084 0.5300 0.6868 0.5296 0.7106 0.4970 0.4814 0.6025 0.7593 0.5876 0.7345 0.6377 0.6352 0.5065 0.4778 0.6219 0.6934 0.5757 0.5571 0.7366 0.7257 0.7115 0.7082 0.5426 0.4806 0.5074 0.8554 0.9357 0.9070 1.0000 0.7942 0.8878 0.7685 0.8951 0.6906 0.7996 0.6324 0.7273 0.6519 0.5989 0.5239 0.7393 0.5022 0.4000 0.4585 0.5436 0.5774 0.6438 0.5548 0.6716 0.7460 0.8503 0.5619 0.5128 0.5844 0.5709 0.4919 0.5175 0.5358 0.5345 0.5097 0.6050 0.6287 0.7738 0.6046 0.6798
0.6494 0.6771 0.5142 0.5757 0.4731 0.4235 0.5698 0.5163 0.2127 0.6363 0.5442 0.6296 0.5396 0.5743 0.3900 0.7784 0.7165 0.6918 0.7625 0.7423 0.6971 0.6055 0.5554 0.7486 0.7015 0.6502 0.6176 0.7686 0.7388 0.7769 0.7646 0.6501 0.5259 0.6093 0.9116 0.8563 0.7948 0.7942 1.0000 0.8216 0.6865 0.6451 0.6700 0.5973 0.7826 0.6389 0.8068 0.5914 0.5843 0.5984 0.4531 0.2777 0.4032 0.3582 0.6758 0.4994 0.5153 0.5028 0.7382 0.7709 0.6844 0.6162 0.7075 0.6422 0.6055 0.5444 0.6924 0.6305 0.6640 0.5477 0.7823 0.6286 0.7019 0.5951
0.5379 0.7341 0.4903 0.6406 0.3861 0.3619 0.6953 0.4555 0.2756 0.4851 0.6207 0.4434 0.6579 0.4568 0.4403 0.5718 0.6849 0.6356 0.7740 0.6233 0.5979 0.4320 0.4068 0.5783 0.6565 0.4616 0.4333 0.6527 0.6470 0.6717 0.6886 0.5443 0.5601 0.4622 0.8106 0.8984 0.7933 0.8878 0.8216 1.0000 0.6691 0.7945 0.6130 0.7089 0.6184 0.7418 0.6431 0.6242 0.5448 0.7362 0.5514 0.4860 0.4697 0.5431 0.5212 0.5790 0.4862 0.6331 0.7795 0.8646 0.5741 0.5039 0.5579 0.5955 0.4582 0.5167 0.6061 0.6005 0.4447 0.5138 0.5828 0.6884 0.5210 0.6118
0.4047 0.4860 0.5326 0.5374 0.5364 0.4233 0.6069 0.7023 0.3573 0.6465 0.6376 0.5899 0.6611 0.6511 0.4157 0.5562 0.6091 0.3682 0.5801 0.6030 0.6188 0.5694 0.4980 0.6624 0.6227 0.6127 0.5632 0.6756 0.6485 0.5779 0.5921 0.6418 0.3519 0.5843 0.8334 0.6960 0.8645 0.7685 0.6865 0.6691 1.0000 0.8196 0.9467 0.8081 0.7165 0.5675 0.6731 0.3948 0.4889 0.5807 0.5036 0.2678 0.5346 0.5090 0.6431 0.4931 0.7036 0.6049 0.5903 0.6858 0.6393 0.4363 0.6312 0.4383 0.5125 0.4285 0.4464 0.3707 0.4653 0.4207 0.6662 0.6619 0.7643 0.5632
0.3817 0.6293 0.4436 0.5704 0.4438 0.3652 0.6912 0.4974 0.3433 0.5188 0.7459 0.4961 0.7515 0.4319 0.4639 0.5238 0.7123 0.4142 0.6030 0.5436 0.5604 0.4682 0.4351 0.5651 0.6668 0.5038 0.4957 0.6487 0.6591 0.5883 0.5958 0.5230 0.4448 0.4550 0.7631 0.8178 0.8360 0.8951 0.6451 0.7945 0.8196 1.0000 0.7478 0.9160 0.6276 0.7118 0.6242 0.5845 0.4150 0.7084 0.4618 0.3925 0.4759 0.5894 0.5434 0.6853 0.5798 0.7338 0.6212 0.7517 0.5016 0.4430 0.5149 0.5139 0.4086 0.4569 0.4305 0.4340 0.4170 0.5393 0.5695 0.7967 0.6021 0.7159
0.3887 0.4270 0.5065 0.4960 0.5872 0.4280 0.5887 0.7333 0.4096 0.6857 0.6470 0.6318 0.6807 0.6834 0.4606 0.5623 0.5970 0.3240 0.5311 0.5794 0.6068 0.5944 0.5294 0.6977 0.6220 0.6311 0.5843 0.6275 0.6049 0.5631 0.5823 0.6918 0.3511 0.6334 0.8044 0.6347 0.8007 0.6906 0.6700 0.6130 0.9467 0.7478 1.0000 0.7706 0.7616 0.5434 0.6946 0.3953 0.4883 0.5190 0.4428 0.1938 0.5307 0.4912 0.7111 0.4518 0.7353 0.5654 0.5244 0.6306 0.6792 0.4574 0.6786 0.4430 0.5530 0.4325 0.4806 0.3846 0.4862 0.4244 0.7194 0.6600 0.8424 0.5771
0.3115 0.5187 0.4085 0.5034 0.4855 0.3348 0.6739 0.5302 0.3191 0.4987 0.8022 0.5031 0.7631 0.4510 0.4877 0.4748 0.6809 0.2997 0.5298 0.5113 0.5431 0.5088 0.4501 0.5754 0.7003 0.5322 0.5161 0.5725 0.5980 0.5606 0.6055 0.5519 0.4614 0.4682 0.7313 0.7537 0.7396 0.7996 0.5973 0.7089 0.8081 0.9160 0.7706 1.0000 0.6852 0.8006 0.6420 0.6432 0.3239 0.5863 0.3598 0.2657 0.3847 0.5529 0.5317 0.6332 0.5453 0.7235 0.5160 0.6754 0.5569 0.4808 0.5706 0.5310 0.4541 0.4888 0.3943 0.3895 0.4308 0.5351 0.5716 0.8263 0.6817 0.8117
0.3906 0.4214 0.3366 0.3917 0.5856 0.2832 0.5131 0.5971 0.3331 0.6322 0.6503 0.5960 0.6129 0.5398 0.4066 0.5952 0.6003 0.4006 0.5695 0.5885 0.5800 0.5776 0.5070 0.6689 0.6427 0.6213 0.6285 0.6320 0.6479 0.6709 0.7339 0.7083 0.5031 0.5956 0.7962 0.6801 0.6087 0.6324 0.7826 0.6184 0.7165 0.6276 0.7616 0.6852 1.0000 0.6890 0.8805 0.6010 0.3073 0.3908 0.2684 0.0750 0.3041 0.3389 0.6008 0.4342 0.4721 0.4691 0.5260 0.6383 0.7810 0.6718 0.7144 0.6223 0.6004 0.5635 0.6215 0.5290 0.5307 0.4779 0.6980 0.6090 0.8535 0.6557
0.3931 0.5769 0.3772 0.5023 0.4508 0.2886 0.6413 0.4216 0.2354 0.4505 0.7518 0.4621 0.6975 0.3962 0.4744 0.4553 0.6905 0.4632 0.6277 0.5618 0.5762 0.4836 0.4354 0.5273 0.7035 0.5444 0.5361 0.5631 0.5993 0.6009 0.6748 0.4988 0.5523 0.4338 0.6769 0.7692 0.5634 0.7273 0.6389 0.7418 0.5675 0.7118 0.5434 0.8006 0.6890 1.0000 0.6099 0.7488 0.3064 0.5125 0.3186 0.2447 0.2761 0.4232 0.4372 0.5829 0.3790 0.6200 0.5565 0.6931 0.6128 0.5991 0.5853 0.6411 0.5139 0.5727 0.5378 0.5434 0.4264 0.6006 0.5184 0.7418 0.5962 0.8413
0.3809 0.4875 0.3506 0.4715 0.5386 0.2976 0.5705 0.5022 0.3084 0.6144 0.6142 0.5863 0.6013 0.4759 0.4095 0.6407 0.5899 0.4387 0.5599 0.5864 0.6139 0.5633 0.5297 0.7253 0.6782 0.6024 0.6403 0.6325 0.6886 0.6887 0.7127 0.8201 0.6197 0.6679 0.7455 0.6948 0.6168 0.6519 0.8068 0.6431 0.6731 0.6242 0.6946 0.6420 0.8805 0.6099 1.0000 0.6439 0.2995 0.4160 0.3015 0.1579 0.3237 0.3353 0.5455 0.4731 0.4302 0.4631 0.5373 0.6367 0.7173 0.6658 0.7164 0.6639 0.6011 0.5681 0.6819 0.6021 0.5507 0.4886 0.7019 0.5711 0.7572 0.6081
0.2654 0.4345 0.1878 0.3103 0.4567 0.1897 0.4474 0.2054 0.2180 0.3797 0.6508 0.4027 0.5591 0.2435 0.5144 0.4382 0.5809 0.3280 0.3986 0.3668 0.4153 0.3850 0.4307 0.5170 0.6679 0.4522 0.5233 0.4183 0.5227 0.5360 0.6113 0.5323 0.7758 0.4558 0.5238 0.6733 0.4094 0.5989 0.5914 0.6242 0.3948 0.5845 0.3953 0.6432 0.6010 0.7488 0.6439 1.0000 0.1467 0.3264 0.1528 0.1250 0.1350 0.2328 0.3222 0.5275 0.2110 0.4489 0.4152 0.5220 0.5011 0.6719 0.4741 0.6817 0.4062 0.5355 0.5554 0.5781 0.4441 0.5927 0.5064 0.6290 0.5144 0.8196
0.9076 0.7283 0.7951 0.6749 0.1584 0.7447 0.5668 0.2719 0.0172 0.6145 0.3337 0.6125 0.3821 0.4117 0.2152 0.7002 0.5586 0.7987 0.7457 0.7484 0.6683 0.3829 0.3292 0.5307 0.4180 0.4316 0.3360 0.6575 0.5553 0.5311 0.4316 0.2499 0.2479 0.2882 0.5558 0.5150 0.6268 0.5239 0.5843 0.5448 0.4889 0.4150 0.4883 0.3239 0.3073 0.3064 0.2995 0.1467 1.0000 0.7472 0.8079 0.6303 0.7388 0.5325 0.7619 0.4317 0.6984 0.5153 0.7769 0.6508 0.2761 0.1891 0.4257 0.3023 0.3996 0.2864 0.3679 0.3600 0.4260 0.3435 0.5754 0.4264 0.3863 0.2967
0.6989 0.8960 0.6907 0.7967 0.2585 0.5562 0.7914 0.3116 0.2058 0.4935 0.6129 0.4888 0.6409 0.3114 0.3840 0.6000 0.6989 0.7542 0.8100 0.7048 0.6761 0.3536 0.3171 0.4964 0.5616 0.4200 0.3759 0.7266 0.7011 0.5525 0.4854 0.2760 0.3279 0.2760 0.6123 0.6813 0.7332 0.7393 0.5984 0.7362 0.5807 0.7084 0.5190 0.5863 0.3908 0.5125 0.4160 0.3264 0.7472 1.0000 0.7553 0.7500 0.6282 0.7672 0.5800 0.7220 0.5999 0.7158 0.8079 0.7912 0.3323 0.3024 0.4386 0.4204 0.4010 0.3995 0.4309 0.4467 0.3732 0.4745 0.5036 0.6581 0.3774 0.4878
0.7340 0.6809 0.7859 0.7379 0.0103 0.6872 0.6328 0.1650 -0.0752 0.4790 0.3359 0.4762 0.3747 0.2343 0.1062 0.4814 0.4210 0.7015 0.6941 0.6808 0.6295 0.2093 0.1529 0.3749 0.3508 0.2601 0.1779 0.5878 0.5241 0.4584 0.3700 0.2112 0.3075 0.1613 0.4296 0.4403 0.5272 0.5022 0.4531 0.5514 0.5036 0.4618 0.4428 0.3598 0.2684 0.3186 0.3015 0.1528 0.8079 0.7553 1.0000 0.8498 0.8195 0.6584 0.5307 0.4494 0.6729 0.5959 0.8166 0.6905 0.2115 0.1326 0.3029 0.2851 0.2854 0.2957 0.3424 0.3474 0.2430 0.2685 0.3808 0.3647 0.2600 0.2600
0.5888 0.6787 0.6556 0.7502 -0.1300 0.5746 0.6482 -0.0739 -0.1500 0.2584 0.2774 0.3045 0.3016 -0.0685 0.0073 0.3299 0.3073 0.6351 0.5719 0.5174 0.5023 0.0263 0.0019 0.2035 0.2142 0.0602 0.0198 0.4004 0.3919 0.2803 0.2150 0.0096 0.2700 -0.0541 0.2221 0.3493 0.3479 0.4000 0.2777 0.4860 0.2678 0.3925 0.1938 0.2657 0.0750 0.2447 0.1579 0.1250 0.6303 0.7500 0.8498 1.0000 0.6348 0.6919 0.2936 0.4663 0.4348 0.5661 0.6858 0.5669 0.0051 0.0650 0.1109 0.2152 0.1352 0.2337 0.2647 0.3096 0.0994 0.1993 0.1831 0.2710 0.0100 0.1722
0.6250 0.5110 0.6826 0.6175 0.1108 0.6969 0.6036 0.2572 0.0567 0.5501 0.3314 0.5235 0.4274 0.2959 0.1548 0.4546 0.3974 0.5367 0.5760 0.5626 0.5472 0.2713 0.2349 0.4214 0.3489 0.2661 0.2041 0.4821 0.4239 0.4258 0.3628 0.2923 0.2764 0.2242 0.4200 0.3702 0.5102 0.4585 0.4032 0.4697 0.5346 0.4759 0.5307 0.3847 0.3041 0.2761 0.3237 0.1350 0.7388 0.6282 0.8195 0.6348 1.0000 0.6754 0.6442 0.4715 0.7411 0.6887 0.7037 0.6245 0.2609 0.1354 0.3420 0.2683 0.2947 0.2837 0.3204 0.3306 0.2465 0.2713 0.4157 0.3910 0.3299 0.2672
0.4110 0.5691 0.5463 0.6375 0.2142 0.4163 0.7324 0.2927 0.2089 0.3652 0.5309 0.3415 0.5992 0.2293 0.2383 0.3262 0.4457 0.4746 0.6005 0.4975 0.5216 0.2960 0.2564 0.3354 0.3659 0.2854 0.2438 0.4751 0.4526 0.3530 0.3679 0.2641 0.2227 0.1702 0.4331 0.4537 0.5285 0.5436 0.3582 0.5431 0.5090 0.5894 0.4912 0.5529 0.3389 0.4232 0.3353 0.2328 0.5325 0.7672 0.6584 0.6919 0.6754 1.0000 0.4686 0.5753 0.5213 0.6830 0.6502 0.6771 0.3267 0.2203 0.3452 0.2785 0.2824 0.3016 0.2943 0.3054 0.1654 0.3140 0.3373 0.5545 0.3470 0.3916
0.7149 0.5415 0.6179 0.5266 0.3873 0.6266 0.5245 0.4963 0.2260 0.7779 0.4955 0.7339 0.5190 0.5910 0.3578 0.7765 0.6757 0.5917 0.6562 0.6951 0.6431 0.5591 0.4901 0.7166 0.5746 0.6193 0.5384 0.6669 0.6004 0.6306 0.5703 0.5320 0.3194 0.5524 0.6902 0.5715 0.6732 0.5774 0.6758 0.5212 0.6431 0.5434 0.7111 0.5317 0.6008 0.4372 0.5455 0.3222 0.7619 0.5800 0.5307 0.2936 0.6442 0.4686 1.0000 0.5274 0.7606 0.5654 0.6425 0.6314 0.5103 0.3723 0.6225 0.4256 0.5179 0.3754 0.4219 0.3888 0.6194 0.4453 0.7988 0.6009 0.7123 0.5066
0.5013 0.6915 0.4667 0.6312 0.3578 0.4388 0.6616 0.2011 0.2366 0.4250 0.6708 0.4263 0.6117 0.1617 0.4535 0.5552 0.6707 0.5588 0.6099 0.5609 0.5888 0.3483 0.3489 0.5073 0.5984 0.4479 0.4955 0.6405 0.7083 0.5648 0.5448 0.3474 0.4802 0.3118 0.4919 0.5979 0.5581 0.6438 0.4994 0.5790 0.4931 0.6853 0.4518 0.6332 0.4342 0.5829 0.4731 0.5275 0.4317 0.7220 0.4494 0.4663 0.4715 0.5753 0.5274 1.0000 0.4750 0.6726 0.6225 0.6440 0.3478 0.4777 0.4498 0.5351 0.3995 0.4626 0.4490 0.4776 0.4080 0.5123 0.4766 0.6702 0.3863 0.6820
0.6023 0.5112 0.7045 0.5873 0.2579 0.6856 0.5720 0.4636 0.1552 0.6843 0.4893 0.6796 0.5275 0.5056 0.2823 0.5911 0.5463 0.4893 0.5573 0.6714 0.6512 0.4145 0.3461 0.6028 0.4888 0.4814 0.4023 0.6331 0.5651 0.5789 0.4831 0.4674 0.2889 0.4234 0.5943 0.4830 0.6468 0.5548 0.5153 0.4862 0.7036 0.5798 0.7353 0.5453 0.4721 0.3790 0.4302 0.2110 0.6984 0.5999 0.6729 0.4348 0.7411 0.5213 0.7606 0.4750 1.0000 0.6586 0.6209 0.5929 0.3955 0.2328 0.5117 0.3315 0.4339 0.3505 0.3729 0.3137 0.4354 0.3540 0.6469 0.5570 0.6423 0.4424
0.5261 0.6516 0.5730 0.6870 0.2346 0.5483 0.7694 0.3154 0.1046 0.4748 0.6506 0.5151 0.6652 0.2562 0.3282 0.4824 0.6440 0.4976 0.6194 0.5698 0.5891 0.3318 0.2839 0.4768 0.6162 0.3589 0.3281 0.5362 0.5454 0.5564 0.5502 0.3332 0.4274 0.2732 0.5589 0.6118 0.6130 0.6716 0.5028 0.6331 0.6049 0.7338 0.5654 0.7235 0.4691 0.6200 0.4631 0.4489 0.5153 0.7158 0.5959 0.5661 0.6887 0.6830 0.5654 0.6726 0.6586 1.0000 0.6623 0.7042 0.3543 0.3283 0.4353 0.4885 0.3910 0.4513 0.3864 0.4332 0.3621 0.5135 0.4694 0.6925 0.4525 0.6379
0.7785 0.7987 0.6649 0.7146 0.2803 0.5454 0.6819 0.3163 0.1211 0.5462 0.5212 0.5237 0.5256 0.3846 0.3022 0.6451 0.6512 0.8371 0.8883 0.7686 0.6973 0.4330 0.3847 0.5303 0.5526 0.4898 0.4451 0.7696 0.7208 0.7447 0.7135 0.3883 0.4654 0.3588 0.7053 0.7265 0.7223 0.7460 0.7382 0.7795 0.5903 0.6212 0.5244 0.5160 0.5260 0.5565 0.5373 0.4152 0.7769 0.8079 0.8166 0.6858 0.7037 0.6502 0.6425 0.6225 0.6209 0.6623 1.0000 0.9348 0.4792 0.4438 0.4940 0.5177 0.4522 0.4545 0.5520 0.5500 0.4347 0.4741 0.5525 0.5688 0.4456 0.4900
0.6391 0.7637 0.5818 0.6868 0.3978 0.4406 0.7449 0.4622 0.2616 0.5472 0.6665 0.5086 0.6832 0.4746 0.4059 0.5900 0.7098 0.7171 0.8844 0.7297 0.6948 0.5003 0.4466 0.5708 0.6527 0.5535 0.5150 0.7686 0.7488 0.7624 0.7881 0.5165 0.4991 0.4640 0.7926 0.8172 0.7895 0.8503 0.7709 0.8646 0.6858 0.7517 0.6306 0.6754 0.6383 0.6931 0.6367 0.5220 0.6508 0.7912 0.6905 0.5669 0.6245 0.6771 0.6314 0.6440 0.5929 0.7042 0.9348 1.0000 0.5992 0.5179 0.5770 0.5862 0.5014 0.5173 0.5811 0.5779 0.4456 0.5458 0.5816 0.6916 0.5627 0.6125
0.2873 0.3529 0.2678 0.3307 0.6687 0.1423 0.4743 0.6863 0.4629 0.5876 0.5633 0.5228 0.5764 0.6835 0.5043 0.4749 0.4848 0.3561 0.5408 0.5443 0.5509 0.6356 0.5969 0.6300 0.5416 0.7096 0.6933 0.5917 0.6022 0.6153 0.6731 0.6855 0.3930 0.6308 0.7312 0.6115 0.5712 0.5619 0.6844 0.5741 0.6393 0.5016 0.6792 0.5569 0.7810 0.6128 0.7173 0.5011 0.2761 0.3323 0.2115 0.0051 0.2609 0.3267 0.5103 0.3478 0.3955 0.3543 0.4792 0.5992 1.0000 0.7728 0.7837 0.5744 0.6559 0.5546 0.6554 0.5679 0.4172 0.4025 0.6317 0.5339 0.7806 0.5541
0.3089 0.4217 0.2444 0.3750 0.6800 0.2060 0.4729 0.3806 0.3320 0.5152 0.5704 0.5268 0.4769 0.3905 0.5521 0.5169 0.4704 0.4274 0.4703 0.5305 0.5826 0.5578 0.6020 0.6128 0.5376 0.6640 0.7740 0.5351 0.6545 0.5950 0.6621 0.5159 0.5454 0.5111 0.5912 0.6156 0.4175 0.5128 0.6162 0.5039 0.4363 0.4430 0.4574 0.4808 0.6718 0.5991 0.6658 0.6719 0.1891 0.3024 0.1326 0.0650 0.1354 0.2203 0.3723 0.4777 0.2328 0.3283 0.4438 0.5179 0.7728 1.0000 0.6753 0.7048 0.6271 0.6684 0.6567 0.6171 0.4238 0.4263 0.5419 0.4351 0.5825 0.6211
0.4532 0.4790 0.4628 0.4744 0.5306 0.3633 0.5556 0.6253 0.3142 0.6530 0.5707 0.6494 0.5719 0.6604 0.4567 0.6275 0.5761 0.4735 0.5825 0.6559 0.6639 0.5831 0.5047 0.8066 0.6251 0.6843 0.6715 0.6798 0.6887 0.6487 0.6420 0.6691 0.4432 0.6612 0.7316 0.6274 0.6041 0.5844 0.7075 0.5579 0.6312 0.5149 0.6786 0.5706 0.7144 0.5853 0.7164 0.4741 0.4257 0.4386 0.3029 0.1109 0.3420 0.3452 0.6225 0.4498 0.5117 0.4353 0.4940 0.5770 0.7837 0.6753 1.0000 0.5575 0.8882 0.5153 0.6576 0.5398 0.5951 0.4268 0.7373 0.5470 0.7684 0.5661
0.4228 0.5289 0.3852 0.5017 0.5132 0.3599 0.5199 0.3352 0.1687 0.5354 0.6401 0.5666 0.5649 0.3407 0.4752 0.5838 0.6439 0.5039 0.5683 0.5523 0.5915 0.4323 0.4556 0.5984 0.7657 0.5483 0.5897 0.5751 0.6611 0.6770 0.7254 0.5498 0.6622 0.4574 0.5842 0.6372 0.4669 0.5709 0.6422 0.5955 0.4383 0.5139 0.4430 0.5310 0.6223 0.6411 0.6639 0.6817 0.3023 0.4204 0.2851 0.2152 0.2683 0.2785 0.4256 0.5351 0.3315 0.4885 0.5177 0.5862 0.5744 0.7048 0.5575 1.0000 0.5088 0.8317 0.7057 0.7130 0.4485 0.6065 0.5268 0.5666 0.5510 0.6728
0.4486 0.4667 0.4491 0.4701 0.4860 0.3553 0.4930 0.5236 0.2162 0.5912 0.5174 0.6189 0.4923 0.5585 0.4345 0.5601 0.5538 0.4675 0.5328 0.6048 0.6229 0.4614 0.3897 0.7058 0.5770 0.6134 0.6207 0.6232 0.6357 0.5957 0.5725 0.5067 0.4186 0.5502 0.6296 0.5393 0.5063 0.4919 0.6055 0.4582 0.5125 0.4086 0.5530 0.4541 0.6004 0.5139 0.6011 0.4062 0.3996 0.4010 0.2854 0.1352 0.2947 0.2824 0.5179 0.3995 0.4339 0.3910 0.4522 0.5014 0.6559 0.6271 0.8882 0.5088 1.0000 0.5075 0.6536 0.5299 0.5310 0.4305 0.6183 0.4622 0.6593 0.5140
0.3755 0.4805 0.4160 0.4980 0.4879 0.3853 0.5324 0.3287 0.1204 0.5049 0.5639 0.5582 0.5129 0.3108 0.4439 0.5082 0.5189 0.4452 0.5125 0.5464 0.5921 0.4107 0.4091 0.5624 0.6037 0.5165 0.5498 0.5412 0.6147 0.5606 0.5805 0.4554 0.5173 0.3536 0.5348 0.5641 0.4248 0.5175 0.5444 0.5167 0.4285 0.4569 0.4325 0.4888 0.5635 0.5727 0.5681 0.5355 0.2864 0.3995 0.2957 0.2337 0.2837 0.3016 0.3754 0.4626 0.3505 0.4513 0.4545 0.5173 0.5546 0.6684 0.5153 0.8317 0.5075 1.0000 0.6100 0.6284 0.3185 0.4607 0.4420 0.4714 0.5146 0.5716
0.4461 0.5286 0.3702 0.5018 0.4275 0.3233 0.5317 0.4060 0.2446 0.5467 0.5297 0.5603 0.5177 0.3875 0.3849 0.5534 0.5944 0.5522 0.5726 0.5411 0.5646 0.3459 0.3272 0.6306 0.6233 0.4793 0.5164 0.5945 0.6483 0.6623 0.6894 0.5972 0.5982 0.5221 0.6039 0.6200 0.4768 0.5358 0.6924 0.6061 0.4464 0.4305 0.4806 0.3943 0.6215 0.5378 0.6819 0.5554 0.3679 0.4309 0.3424 0.2647 0.3204 0.2943 0.4219 0.4490 0.3729 0.3864 0.5520 0.5811 0.6554 0.6567 0.6576 0.7057 0.6536 0.6100 1.0000 0.8793 0.4272 0.5834 0.5663 0.4750 0.5527 0.5158
0.4497 0.5489 0.3426 0.4941 0.3410 0.3181 0.5347 0.2958 0.1885 0.4760 0.5142 0.5281 0.5015 0.2918 0.3475 0.5127 0.5931 0.5475 0.5606 0.4877 0.5113 0.3122 0.3086 0.5584 0.6074 0.4318 0.4618 0.5366 0.5981 0.6511 0.6714 0.5129 0.5817 0.4173 0.5296 0.6155 0.4328 0.5345 0.6305 0.6005 0.3707 0.4340 0.3846 0.3895 0.5290 0.5434 0.6021 0.5781 0.3600 0.4467 0.3474 0.3096 0.3306 0.3054 0.3888 0.4776 0.3137 0.4332 0.5500 0.5779 0.5679 0.6171 0.5398 0.7130 0.5299 0.6284 0.8793 1.0000 0.3856 0.6378 0.4843 0.4924 0.4383 0.5244
0.4915 0.4341 0.4258 0.4059 0.3381 0.3848 0.3624 0.4077 0.0902 0.5808 0.3908 0.5932 0.3398 0.4789 0.3125 0.7636 0.5930 0.4745 0.4997 0.5479 0.5201 0.4476 0.4002 0.7556 0.6417 0.5413 0.5028 0.5604 0.5385 0.5613 0.5314 0.4996 0.4311 0.5741 0.6427 0.5851 0.5245 0.5097 0.6640 0.4447 0.4653 0.4170 0.4862 0.4308 0.5307 0.4264 0.5507 0.4441 0.4260 0.3732 0.2430 0.0994 0.2465 0.1654 0.6194 0.4080 0.4354 0.3621 0.4347 0.4456 0.4172 0.4238 0.5951 0.4485 0.5310 0.3185 0.4272 0.3856 1.0000 0.5042 0.8060 0.5440 0.6074 0.4826
0.3842 0.5491 0.3042 0.3976 0.4021 0.2691 0.5009 0.3046 0.2306 0.4505 0.6606 0.5199 0.6281 0.3290 0.4769 0.4915 0.8080 0.4334 0.4882 0.4595 0.5068 0.4236 0.4367 0.5282 0.7822 0.5587 0.5525 0.5347 0.5745 0.5851 0.6084 0.4010 0.4493 0.4328 0.5312 0.6286 0.5132 0.6050 0.5477 0.5138 0.4207 0.5393 0.4244 0.5351 0.4779 0.6006 0.4886 0.5927 0.3435 0.4745 0.2685 0.1993 0.2713 0.3140 0.4453 0.5123 0.3540 0.5135 0.4741 0.5458 0.4025 0.4263 0.4268 0.6065 0.4305 0.4607 0.5834 0.6378 0.5042 1.0000 0.5333 0.7630 0.4854 0.6998
0.5658 0.5153 0.5255 0.4813 0.5062 0.4867 0.5018 0.5592 0.2854 0.7862 0.5425 0.7648 0.5372 0.6540 0.4518 0.8165 0.6571 0.5365 0.5847 0.6693 0.6514 0.5975 0.5540 0.8822 0.7123 0.6820 0.6396 0.6894 0.6632 0.6532 0.6093 0.6888 0.4951 0.6941 0.7730 0.6850 0.6741 0.6287 0.7823 0.5828 0.6662 0.5695 0.7194 0.5716 0.6980 0.5184 0.7019 0.5064 0.5754 0.5036 0.3808 0.1831 0.4157 0.3373 0.7988 0.4766 0.6469 0.4694 0.5525 0.5816 0.6317 0.5419 0.7373 0.5268 0.6183 0.4420 0.5663 0.4843 0.8060 0.5333 1.0000 0.6730 0.8312 0.5975
0.4040 0.6086 0.4101 0.5014 0.4839 0.3294 0.6637 0.4952 0.3763 0.5499 0.8495 0.5657 0.8446 0.4879 0.5828 0.5605 0.8426 0.4195 0.5931 0.5462 0.5754 0.5284 0.5061 0.6229 0.8140 0.5968 0.5628 0.6084 0.6002 0.6181 0.6454 0.5213 0.4490 0.5133 0.7028 0.7388 0.7220 0.7738 0.6286 0.6884 0.6619 0.7967 0.6600 0.8263 0.6090 0.7418 0.5711 0.6290 0.4264 0.6581 0.3647 0.2710 0.3910 0.5545 0.6009 0.6702 0.5570 0.6925 0.5688 0.6916 0.5339 0.4351 0.5470 0.5666 0.4622 0.4714 0.4750 0.4924 0.5440 0.7630 0.6730 1.0000 0.6700 0.8491
0.3685 0.3554 0.3973 0.3563 0.6390 0.3294 0.4574 0.7421 0.4040 0.7313 0.6419 0.6935 0.6199 0.7464 0.5011 0.6107 0.6093 0.3234 0.5046 0.5840 0.5894 0.6155 0.5382 0.7642 0.6715 0.7011 0.6564 0.6560 0.6277 0.6471 0.6571 0.7434 0.4163 0.7236 0.7889 0.6268 0.6608 0.6046 0.7019 0.5210 0.7643 0.6021 0.8424 0.6817 0.8535 0.5962 0.7572 0.5144 0.3863 0.3774 0.2600 0.0100 0.3299 0.3470 0.7123 0.3863 0.6423 0.4525 0.4456 0.5627 0.7806 0.5825 0.7684 0.5510 0.6593 0.5146 0.5527 0.4383 0.6074 0.4854 0.8312 0.6700 1.0000 0.6530
0.3724 0.5407 0.3340 0.4359 0.5240 0.3003 0.5936 0.3592 0.2894 0.5075 0.8496 0.5335 0.7542 0.3729 0.6253 0.5298 0.7669 0.3844 0.5065 0.5121 0.5647 0.4691 0.4715 0.5855 0.7934 0.5701 0.6087 0.5585 0.6192 0.6129 0.6720 0.4956 0.6133 0.4761 0.6315 0.7016 0.5614 0.6798 0.5951 0.6118 0.5632 0.7159 0.5771 0.8117 0.6557 0.8413 0.6081 0.8196 0.2967 0.4878 0.2600 0.1722 0.2672 0.3916 0.5066 0.6820 0.4424 0.6379 0.4900 0.6125 0.5541 0.6211 0.5661 0.6728 0.5140 0.5716 0.5158 0.5244 0.4826 0.6998 0.5975 0.8491 0.6530 1.0000
