1.0000 0.6920 0.3925 0.3847 -0.0640 0.5301 0.2830 0.0357 0.0238 0.5533 0.2643 0.4162 0.2160 0.0584 0.0484 0.4954 0.3600 0.5967 0.7308 0.1260 0.1496 -0.0192 -0.0411 0.4647 0.3265 0.0584 0.0392 0.5319 0.4735 0.1540 0.2005 0.1746 0.1908 0.1591 0.2117 0.2751 0.3413 0.3408 0.3185 0.3459 0.2956 0.2391 0.3143 0.2652 0.2188 0.1677 0.4090 0.3009 0.8642 0.6039 0.6136 0.4858 0.6060 0.3115 0.5347 0.2325 0.1087 0.1661 0.4612 0.3701 0.3527 0.2766 0.4651 0.4394 0.2261 0.2601 0.5138 0.3269 0.3674 0.2425 0.4380 0.2443 0.1585 0.1367
0.6920 1.0000 0.4262 0.6145 0.0493 0.3502 0.5828 0.0785 0.1100 0.3404 0.5387 0.2267 0.4818 0.0820 0.1042 0.3642 0.5879 0.5142 0.6349 0.3108 0.3334 0.0322 0.0574 0.5549 0.4096 0.1659 0.2601 0.5411 0.5346 0.2117 0.2848 0.3631 0.2121 0.3323 0.3000 0.3365 0.3095 0.3556 0.3618 0.3897 0.2406 0.3330 0.2756 0.3311 0.1357 0.1617 0.4293 0.3290 0.6697 0.7938 0.5047 0.5314 0.4711 0.4583 0.4222 0.4294 0.1836 0.2843 0.4517 0.3570 0.4650 0.4157 0.5252 0.5615 0.3892 0.4024 0.5201 0.4816 0.3435 0.3382 0.3986 0.4080 0.1634 0.1530
0.3925 0.4262 1.0000 0.7887 0.3531 0.8181 0.6072 0.1981 0.1679 0.6194 0.2701 0.4813 0.2921 0.1299 0.1122 0.2851 0.2640 0.6030 0.4720 0.8031 0.7833 0.2895 0.3173 0.3251 0.1940 0.5154 0.5705 0.4973 0.4141 0.4219 0.3927 0.1152 0.1281 0.1750 0.3730 0.4099 0.3022 0.3128 0.3741 0.4013 0.1462 0.2320 0.3317 0.2867 0.2914 0.3039 0.4097 0.2031 0.2829 0.2552 0.1756 0.1151 0.2921 0.1228 0.3086 0.2823 0.5934 0.2640 0.4022 0.3210 0.5346 0.5566 0.4222 0.4503 0.1673 0.2843 0.5029 0.3066 0.2121 0.1690 0.3540 0.2972 0.4620 0.3357
0.3847 0.6145 0.7887 1.0000 0.4361 0.6400 0.8912 0.2580 0.3385 0.4935 0.5614 0.4224 0.5821 0.2165 0.2401 0.3261 0.4003 0.4990 0.4275 0.6767 0.7688 0.2009 0.2672 0.4208 0.3649 0.4082 0.5702 0.4949 0.5250 0.3945 0.4818 0.1920 0.1327 0.2594 0.4102 0.4449 0.3476 0.3767 0.4346 0.4663 0.2361 0.3730 0.3752 0.4162 0.2694 0.3367 0.4352 0.2111 0.3196 0.4780 0.2391 0.2606 0.3399 0.3981 0.3144 0.4622 0.4086 0.4059 0.4463 0.4242 0.5327 0.6329 0.5099 0.5745 0.2683 0.4164 0.5151 0.4326 0.2937 0.2121 0.4040 0.3639 0.4096 0.3767
-0.0640 0.0493 0.3531 0.4361 1.0000 0.3048 0.3982 0.2356 0.4357 0.2656 0.1935 0.3435 0.2471 0.2002 0.1684 0.1357 0.0285 0.0557 -0.1901 0.5171 0.5701 0.4602 0.5407 0.0009 0.0402 0.4804 0.5160 0.0649 0.0856 0.1733 0.2624 0.0072 0.1627 0.1194 0.1739 0.1837 0.2294 0.2225 0.1440 0.1663 0.1998 0.3108 0.1600 0.3116 0.0556 0.2126 0.0265 -0.0745 -0.0352 0.0653 -0.0057 -0.0851 0.1105 0.1266 0.0653 0.2104 0.2498 0.2141 0.1039 0.1325 0.1452 0.4082 0.1249 0.2614 0.0695 0.3592 0.1484 0.0467 0.0804 -0.0632 0.1558 0.0374 0.2695 0.2397
0.5301 0.3502 0.8181 0.6400 0.3048 1.0000 0.5517 0.0685 0.0691 0.7141 0.2067 0.5760 0.1861 0.0159 -0.0199 0.4173 0.2075 0.4980 0.4304 0.5638 0.6104 0.3023 0.2905 0.2326 0.1418 0.4155 0.3904 0.5738 0.4648 0.4424 0.3987 -0.0201 0.1185 0.0887 0.4121 0.4426 0.4468 0.3966 0.4584 0.4492 0.2632 0.3014 0.4605 0.3707 0.4188 0.3157 0.3665 0.1885 0.4015 0.2670 0.2613 0.1697 0.3857 0.1357 0.3536 0.2236 0.3861 0.2557 0.4324 0.4497 0.4201 0.4542 0.3718 0.4035 0.0440 0.1977 0.4665 0.2153 0.2697 0.1558 0.3743 0.2371 0.4568 0.3298
0.2830 0.5828 0.6072 0.8912 0.3982 0.5517 1.0000 0.2214 0.3238 0.3792 0.6799 0.3417 0.6639 0.1575 0.2007 0.2302 0.4134 0.2828 0.2401 0.5408 0.6776 0.1889 0.2555 0.3555 0.3531 0.3245 0.5099 0.4604 0.4977 0.3612 0.4377 0.1603 0.0966 0.2460 0.3953 0.4046 0.3246 0.3462 0.4130 0.4282 0.2109 0.3798 0.3568 0.4196 0.2579 0.3013 0.3842 0.1779 0.2430 0.5158 0.2068 0.2682 0.3518 0.4641 0.2559 0.4751 0.2597 0.4146 0.3622 0.4158 0.4677 0.5540 0.4078 0.5223 0.2065 0.3618 0.4162 0.4161 0.2170 0.1871 0.2976 0.3413 0.3366 0.3205
0.0357 0.0785 0.1981 0.2580 0.2356 0.0685 0.2214 1.0000 0.8812 0.1951 0.3069 0.4556 0.5444 0.9238 0.8577 0.1266 0.2561 -0.0895 -0.0456 0.0611 0.1150 -0.5677 -0.4812 0.4641 0.6322 -0.2907 -0.1414 0.0406 -0.0016 0.1184 0.1478 -0.0542 -0.0101 0.0416 0.0650 0.0214 0.1026 0.1962 0.0455 0.0594 -0.0013 0.0969 0.0423 0.0267 0.1364 0.1213 0.0208 0.0333 0.0355 0.0605 -0.0896 -0.2064 0.0734 0.0862 0.0520 0.1266 0.1265 0.0334 -0.0888 -0.0475 0.0559 0.0996 0.2482 0.2113 0.0752 0.0993 0.1161 0.1603 0.1768 0.1713 0.2373 0.1901 0.2332 0.0881
0.0238 0.1100 0.1679 0.3385 0.4357 0.0691 0.3238 0.8812 1.0000 0.1893 0.3235 0.5029 0.6001 0.8924 0.9000 0.0919 0.1607 -0.0495 -0.1215 0.1042 0.1584 -0.5206 -0.4328 0.3407 0.5779 -0.2891 -0.1448 -0.0326 -0.0111 0.0865 0.1291 -0.1075 -0.0694 -0.0554 0.0326 0.0174 0.1349 0.2106 0.0329 0.0712 0.0597 0.1822 0.0255 0.1109 0.0390 0.1878 -0.0798 -0.0520 0.0247 0.1317 0.0353 -0.1021 0.1545 0.2292 0.0027 0.1745 0.1180 0.1272 -0.0245 -0.0022 -0.0483 0.0773 0.1622 0.1527 0.0548 0.1482 0.0747 0.0873 0.1150 0.0594 0.1623 0.1251 0.1070 0.1074
0.5533 0.3404 0.6194 0.4935 0.2656 0.7141 0.3792 0.1951 0.1893 1.0000 0.2825 0.7734 0.2905 0.2022 0.1621 0.4730 0.2069 0.4858 0.4348 0.4616 0.4891 0.1244 0.1248 0.3316 0.2374 0.2618 0.2787 0.4688 0.3635 0.3195 0.2503 -0.1055 0.0886 0.0188 0.2986 0.3374 0.3620 0.3380 0.3645 0.3468 0.2728 0.2651 0.4205 0.3396 0.4525 0.2984 0.2795 0.1498 0.3779 0.2674 0.2232 0.0654 0.3562 0.0636 0.3705 0.1879 0.3021 0.1270 0.2455 0.2568 0.3832 0.4606 0.4537 0.3995 0.0506 0.1746 0.5404 0.2314 0.3646 0.1810 0.4180 0.1956 0.5202 0.3358
0.2643 0.5387 0.2701 0.5614 0.1935 0.2067 0.6799 0.3069 0.3235 0.2825 1.0000 0.2909 0.8084 0.2725 0.3552 0.2430 0.6775 0.1348 0.1951 0.2433 0.3467 -0.0440 0.0327 0.5674 0.6548 0.1182 0.3259 0.4154 0.4934 0.1951 0.2974 0.2046 0.2214 0.3036 0.2915 0.2764 0.2025 0.2930 0.3382 0.3592 0.1600 0.3372 0.2363 0.3585 0.1763 0.3100 0.3062 0.3679 0.2577 0.5823 0.1566 0.1437 0.3674 0.4473 0.3260 0.6181 0.0759 0.2608 0.1560 0.1718 0.4748 0.5285 0.4818 0.6119 0.3225 0.4212 0.4589 0.5566 0.3469 0.4372 0.3552 0.5438 0.2762 0.4390
0.4162 0.2267 0.4813 0.4224 0.3435 0.5760 0.3417 0.4556 0.5029 0.7734 0.2909 1.0000 0.4457 0.5478 0.4738 0.3988 0.1465 0.3077 0.2001 0.3625 0.3670 -0.1559 -0.1357 0.3537 0.3863 0.0035 0.0424 0.2444 0.2134 0.2459 0.2450 -0.1203 0.0266 -0.0324 0.2445 0.2543 0.3322 0.3295 0.2680 0.2767 0.2882 0.2624 0.2886 0.2758 0.2831 0.2730 0.1279 0.0423 0.3006 0.2363 0.2616 0.0135 0.4147 0.1719 0.1979 0.1824 0.3100 0.1564 0.1805 0.1578 0.1783 0.2767 0.3533 0.2893 0.1023 0.1913 0.4008 0.1793 0.3256 0.1460 0.3511 0.1423 0.3282 0.3000
0.2160 0.4818 0.2921 0.5821 0.2471 0.1861 0.6639 0.5444 0.6001 0.2905 0.8084 0.4457 1.0000 0.5590 0.6404 0.1752 0.4777 0.1565 0.1318 0.2677 0.3448 -0.2523 -0.1564 0.6114 0.6797 -0.0229 0.2295 0.3030 0.3976 0.1929 0.3160 0.1943 0.1710 0.2580 0.2571 0.2294 0.1916 0.2714 0.2359 0.2942 0.1196 0.2601 0.1599 0.2528 0.0940 0.2811 0.2958 0.2478 0.1901 0.4313 0.1387 0.0474 0.3086 0.3732 0.2132 0.4679 0.1717 0.2362 0.1539 0.1494 0.3544 0.4240 0.4563 0.4970 0.3293 0.3916 0.3962 0.4878 0.2931 0.3023 0.2978 0.3849 0.1928 0.3653
0.0584 0.0820 0.1299 0.2165 0.2002 0.0159 0.1575 0.9238 0.8924 0.2022 0.2725 0.5478 0.5590 1.0000 0.9377 0.1477 0.2032 -0.0248 -0.0339 0.0595 0.0840 -0.6674 -0.5868 0.4876 0.6587 -0.3990 -0.2334 0.0013 0.0066 0.0750 0.1461 -0.0222 0.0261 0.0397 0.0332 0.0023 0.0803 0.1834 0.0231 0.0682 0.0296 0.1015 -0.0159 0.0242 0.0504 0.1510 -0.0133 0.0137 0.0618 0.0620 -0.0049 -0.1833 0.1078 0.1006 0.0078 0.1335 0.1436 0.0375 -0.0644 -0.0632 -0.0213 0.0541 0.2597 0.1731 0.1532 0.1490 0.1484 0.1680 0.1948 0.1254 0.2387 0.1477 0.1321 0.1163
0.0484 0.1042 0.1122 0.2401 0.1684 -0.0199 0.2007 0.8577 0.9000 0.1621 0.3552 0.4738 0.6404 0.9377 1.0000 0.0827 0.2193 0.0389 -0.0134 0.0599 0.0775 -0.6765 -0.5941 0.4784 0.7000 -0.4076 -0.2154 0.0233 0.0665 0.0570 0.1061 -0.0294 0.0179 0.0016 0.0080 -0.0103 0.0488 0.1583 0.0074 0.0718 -0.0020 0.0889 -0.0357 0.0244 -0.0034 0.1934 -0.0207 0.0539 0.0464 0.0917 0.0192 -0.1551 0.1388 0.1426 0.0449 0.1935 0.1452 0.0660 -0.0419 -0.0667 -0.0189 0.0579 0.2561 0.1742 0.1559 0.1486 0.1480 0.2074 0.1645 0.1304 0.1997 0.1884 0.0662 0.1716
0.4954 0.3642 0.2851 0.3261 0.1357 0.4173 0.2302 0.1266 0.0919 0.4730 0.2430 0.3988 0.1752 0.1477 0.0827 1.0000 0.5009 0.2428 0.3777 0.0590 0.1391 0.0656 0.0731 0.4367 0.4251 0.1872 0.1254 0.3731 0.3210 0.1504 0.2321 0.0406 0.2748 0.1910 0.3120 0.2943 0.4645 0.4527 0.3937 0.2910 0.3858 0.3312 0.4153 0.3430 0.4015 0.1832 0.2516 0.2013 0.4696 0.2744 0.1364 0.0404 0.1414 0.0370 0.3759 0.2152 0.0368 0.0560 0.1978 0.2113 0.2510 0.3371 0.4399 0.4824 0.1040 0.2250 0.3862 0.2403 0.8214 0.5370 0.6983 0.4130 0.3934 0.3335
0.3600 0.5879 0.2640 0.4003 0.0285 0.2075 0.4134 0.2561 0.1607 0.2069 0.6775 0.1465 0.4777 0.2032 0.2193 0.5009 1.0000 0.1505 0.3645 0.1384 0.2294 -0.0414 0.0003 0.5904 0.7072 0.1391 0.2156 0.4897 0.4251 0.2069 0.2863 0.3191 0.3859 0.4028 0.3200 0.3187 0.2998 0.4395 0.3686 0.3701 0.1907 0.3961 0.2732 0.4163 0.2167 0.2727 0.3411 0.5917 0.4183 0.5184 0.0971 0.1317 0.1818 0.2732 0.3596 0.6309 0.0846 0.2863 0.1666 0.2160 0.4328 0.4032 0.5021 0.6665 0.3333 0.3884 0.4425 0.5104 0.5245 0.7810 0.5202 0.8047 0.3189 0.3905
0.5967 0.5142 0.6030 0.4990 0.0557 0.4980 0.2828 -0.0895 -0.0495 0.4858 0.1348 0.3077 0.1565 -0.0248 0.0389 0.2428 0.1505 1.0000 0.7661 0.5354 0.4319 0.1372 0.1311 0.3822 0.1311 0.2920 0.3269 0.5241 0.5389 0.1752 0.2435 0.2767 0.2140 0.1867 0.1902 0.2701 0.1500 0.1090 0.2559 0.3429 0.0760 0.0081 0.1701 0.1251 0.0695 0.2418 0.4364 0.2375 0.5329 0.3219 0.4599 0.2854 0.4184 0.0692 0.4691 0.1857 0.4577 0.1264 0.5153 0.2663 0.4550 0.4120 0.4689 0.3447 0.3884 0.3656 0.5784 0.4056 0.2236 0.1189 0.3544 0.1674 0.1880 0.2845
0.7308 0.6349 0.4720 0.4275 -0.1901 0.4304 0.2401 -0.0456 -0.1215 0.4348 0.1951 0.2001 0.1318 -0.0339 -0.0134 0.3777 0.3645 0.7661 1.0000 0.2546 0.2545 0.0215 -0.0012 0.4885 0.2871 0.1271 0.1419 0.5938 0.5150 0.1595 0.1675 0.2839 0.2284 0.2657 0.1878 0.2626 0.1657 0.2348 0.2999 0.3351 0.0810 0.0869 0.2504 0.1547 0.2325 0.1607 0.4818 0.3435 0.6663 0.4467 0.4206 0.3863 0.3628 0.1651 0.4935 0.1976 0.1994 0.1472 0.4362 0.3064 0.4160 0.2919 0.5095 0.4387 0.3032 0.2471 0.5129 0.4192 0.3561 0.2773 0.4541 0.2732 0.2563 0.1284
0.1260 0.3108 0.8031 0.6767 0.5171 0.5638 0.5408 0.0611 0.1042 0.4616 0.2433 0.3625 0.2677 0.0595 0.0599 0.0590 0.1384 0.5354 0.2546 1.0000 0.9232 0.4462 0.4906 0.2268 0.0380 0.6511 0.7662 0.4051 0.4113 0.4638 0.4870 0.2362 0.2443 0.2922 0.3764 0.3838 0.1678 0.1981 0.3009 0.3870 0.1003 0.1964 0.2288 0.2742 0.1389 0.3383 0.3799 0.1572 0.0870 0.1424 0.1089 0.0197 0.2212 0.0742 0.1871 0.3022 0.7285 0.3177 0.3827 0.2711 0.5504 0.6223 0.3931 0.3931 0.2983 0.4006 0.5206 0.3641 0.0667 0.0340 0.1915 0.1774 0.3856 0.3902
0.1496 0.3334 0.7833 0.7688 0.5701 0.6104 0.6776 0.1150 0.1584 0.4891 0.3467 0.3670 0.3448 0.0840 0.0775 0.1391 0.2294 0.4319 0.2545 0.9232 1.0000 0.4533 0.5109 0.2560 0.1324 0.6291 0.7719 0.4565 0.4256 0.4275 0.4823 0.1872 0.2386 0.3142 0.3548 0.3709 0.1883 0.2537 0.3222 0.3856 0.1184 0.2511 0.2673 0.3250 0.2177 0.3251 0.3838 0.1485 0.1065 0.1772 0.0408 0.0202 0.1816 0.1288 0.2098 0.3454 0.5676 0.3245 0.3043 0.3158 0.5339 0.6431 0.4201 0.4900 0.2533 0.4149 0.4866 0.3734 0.1059 0.0573 0.2484 0.2087 0.4422 0.3595
-0.0192 0.0322 0.2895 0.2009 0.4602 0.3023 0.1889 -0.5677 -0.5206 0.1244 -0.0440 -0.1559 -0.2523 -0.6674 -0.6765 0.0656 -0.0414 0.1372 0.0215 0.4462 0.4533 1.0000 0.9824 -0.2702 -0.4403 0.8277 0.7133 0.1643 0.1426 0.1673 0.1768 0.1506 0.2140 0.2332 0.1801 0.2207 0.1399 0.0637 0.1677 0.1310 0.1161 0.1171 0.1587 0.1875 0.0620 0.0473 0.2310 0.0546 -0.0169 0.0008 -0.0279 0.0382 -0.0205 -0.0620 0.0878 0.0597 0.1757 0.0935 0.1709 0.1729 0.3091 0.3819 0.0148 0.1640 -0.0282 0.1656 0.1017 -0.0176 -0.0159 -0.0378 0.0706 0.0384 0.2299 0.1553
-0.0411 0.0574 0.3173 0.2672 0.5407 0.2905 0.2555 -0.4812 -0.4328 0.1248 0.0327 -0.1357 -0.1564 -0.5868 -0.5941 0.0731 0.0003 0.1311 -0.0012 0.4906 0.5109 0.9824 1.0000 -0.2060 -0.3762 0.8440 0.7794 0.1690 0.1637 0.1740 0.2074 0.1681 0.2464 0.2604 0.2096 0.2404 0.1389 0.0848 0.1793 0.1485 0.1190 0.1520 0.1666 0.2086 0.0642 0.0628 0.2483 0.0668 -0.0374 0.0167 -0.0462 0.0208 -0.0201 -0.0306 0.0973 0.1115 0.1895 0.1223 0.1606 0.1675 0.3428 0.4453 0.0624 0.2226 0.0097 0.2184 0.1241 0.0372 0.0092 -0.0202 0.0909 0.0649 0.2504 0.1873
0.4647 0.5549 0.3251 0.4208 0.0009 0.2326 0.3555 0.4641 0.3407 0.3316 0.5674 0.3537 0.6114 0.4876 0.4784 0.4367 0.5904 0.3822 0.4885 0.2268 0.2560 -0.2702 -0.2060 1.0000 0.7782 0.0365 0.1929 0.5404 0.5245 0.1618 0.3087 0.4410 0.4813 0.5416 0.2491 0.1851 0.1815 0.2646 0.2820 0.2786 0.1179 0.1611 0.1840 0.1298 0.1680 0.1131 0.4868 0.3844 0.4437 0.3735 0.1734 0.0361 0.2867 0.1640 0.4078 0.3609 0.1548 0.0690 0.1880 0.1280 0.5301 0.4405 0.7404 0.6721 0.5304 0.4841 0.6173 0.6836 0.5244 0.4426 0.5590 0.4209 0.2812 0.2518
0.3265 0.4096 0.1940 0.3649 0.0402 0.1418 0.3531 0.6322 0.5779 0.2374 0.6548 0.3863 0.6797 0.6587 0.7000 0.4251 0.7072 0.1311 0.2871 0.0380 0.1324 -0.4403 -0.3762 0.7782 1.0000 -0.1809 -0.0390 0.3720 0.3564 0.1038 0.2260 0.2607 0.3401 0.3745 0.1546 0.1423 0.1896 0.3567 0.2569 0.2517 0.0909 0.2286 0.1383 0.1914 0.1694 0.2188 0.3143 0.4213 0.3400 0.3560 0.0692 -0.0383 0.2059 0.2135 0.2918 0.4380 0.0215 0.0960 0.0381 0.0656 0.2944 0.2735 0.5424 0.5930 0.3207 0.3482 0.3934 0.5210 0.4874 0.5497 0.5739 0.6033 0.2586 0.3003
0.0584 0.1659 0.5154 0.4082 0.4804 0.4155 0.3245 -0.2907 -0.2891 0.2618 0.1182 0.0035 -0.0229 -0.3990 -0.4076 0.1872 0.1391 0.2920 0.1271 0.6511 0.6291 0.8277 0.8440 0.0365 -0.1809 1.0000 0.8823 0.3291 0.3145 0.2894 0.3210 0.1929 0.3007 0.3380 0.3285 0.2984 0.2489 0.1697 0.2438 0.1995 0.1349 0.1678 0.2290 0.2360 0.1390 0.0978 0.3346 0.1324 0.0645 0.0574 -0.0158 0.0006 0.0512 -0.0437 0.2281 0.1899 0.4335 0.1833 0.2677 0.2431 0.5387 0.5882 0.2604 0.3741 0.1457 0.3364 0.3312 0.1937 0.1681 0.1722 0.2257 0.1818 0.3878 0.2972
0.0392 0.2601 0.5705 0.5702 0.5160 0.3904 0.5099 -0.1414 -0.1448 0.2787 0.3259 0.0424 0.2295 -0.2334 -0.2154 0.1254 0.2156 0.3269 0.1419 0.7662 0.7719 0.7133 0.7794 0.1929 -0.0390 0.8823 1.0000 0.3960 0.4556 0.3628 0.4374 0.2628 0.3678 0.3914 0.3969 0.3757 0.2276 0.1920 0.2967 0.3180 0.1580 0.2376 0.2709 0.2959 0.1544 0.2076 0.3903 0.1867 0.0210 0.1169 -0.0218 -0.0093 0.0905 0.0751 0.2326 0.3413 0.4821 0.2846 0.3056 0.2726 0.6253 0.7276 0.3923 0.4792 0.2706 0.4118 0.4472 0.3759 0.1554 0.1453 0.2146 0.2355 0.4021 0.4108
0.5319 0.5411 0.4973 0.4949 0.0649 0.5738 0.4604 0.0406 -0.0326 0.4688 0.4154 0.2444 0.3030 0.0013 0.0233 0.3731 0.4897 0.5241 0.5938 0.4051 0.4565 0.1643 0.1690 0.5404 0.3720 0.3291 0.3960 1.0000 0.8511 0.4797 0.4869 0.2602 0.3303 0.3793 0.4650 0.4462 0.3882 0.3999 0.5180 0.5109 0.2140 0.3000 0.4707 0.3730 0.3982 0.2888 0.4916 0.3976 0.5162 0.4181 0.2522 0.2383 0.3820 0.1814 0.5253 0.3800 0.2762 0.2698 0.5001 0.5257 0.6033 0.5567 0.6272 0.6092 0.3759 0.4332 0.6525 0.5588 0.4139 0.3529 0.5070 0.3750 0.4978 0.3688
0.4735 0.5346 0.4141 0.5250 0.0856 0.4648 0.4977 -0.0016 -0.0111 0.3635 0.4934 0.2134 0.3976 0.0066 0.0665 0.3210 0.4251 0.5389 0.5150 0.4113 0.4256 0.1426 0.1637 0.5245 0.3564 0.3145 0.4556 0.8511 1.0000 0.5169 0.5596 0.2654 0.3821 0.3462 0.5292 0.5167 0.4370 0.4116 0.5803 0.6100 0.3166 0.3872 0.4907 0.4500 0.3212 0.4099 0.4600 0.4483 0.4726 0.4837 0.3621 0.2835 0.4509 0.3102 0.5088 0.5484 0.3035 0.3729 0.6061 0.5566 0.6136 0.6264 0.6192 0.5385 0.4060 0.4181 0.6761 0.6350 0.4004 0.3380 0.4577 0.4165 0.3732 0.5665
0.1540 0.2117 0.4219 0.3945 0.1733 0.4424 0.3612 0.1184 0.0865 0.3195 0.1951 0.2459 0.1929 0.0750 0.0570 0.1504 0.2069 0.1752 0.1595 0.4638 0.4275 0.1673 0.1740 0.1618 0.1038 0.2894 0.3628 0.4797 0.5169 1.0000 0.8097 0.0825 0.2608 0.1771 0.7111 0.6541 0.5045 0.5492 0.6390 0.6648 0.2830 0.4830 0.5636 0.5128 0.4588 0.5108 0.3166 0.3732 0.1251 0.1996 0.1717 0.1055 0.2334 0.2169 0.1136 0.3237 0.5292 0.5569 0.6303 0.6991 0.5149 0.5194 0.3853 0.2564 0.0579 0.0883 0.4616 0.3026 0.1979 0.2323 0.2234 0.2952 0.4905 0.5109
0.2005 0.2848 0.3927 0.4818 0.2624 0.3987 0.4377 0.1478 0.1291 0.2503 0.2974 0.2450 0.3160 0.1461 0.1061 0.2321 0.2863 0.2435 0.1675 0.4870 0.4823 0.1768 0.2074 0.3087 0.2260 0.3210 0.4374 0.4869 0.5596 0.8097 1.0000 0.3347 0.4315 0.4043 0.7016 0.6426 0.4786 0.5229 0.5939 0.6851 0.3268 0.4349 0.4540 0.4556 0.3118 0.4749 0.4659 0.3688 0.2139 0.2071 0.1958 0.0780 0.2493 0.2304 0.1298 0.3620 0.5252 0.5142 0.6485 0.7121 0.5782 0.6112 0.4984 0.4163 0.3140 0.3687 0.5744 0.4507 0.2840 0.2558 0.3334 0.2968 0.4239 0.5147
0.1746 0.3631 0.1152 0.1920 0.0072 -0.0201 0.1603 -0.0542 -0.1075 -0.1055 0.2046 -0.1203 0.1943 -0.0222 -0.0294 0.0406 0.3191 0.2767 0.2839 0.2362 0.1872 0.1506 0.1681 0.4410 0.2607 0.1929 0.2628 0.2602 0.2654 0.0825 0.3347 1.0000 0.6082 0.8300 0.0966 0.1176 -0.0335 0.0281 0.1001 0.1908 -0.0861 -0.0652 -0.1087 -0.0635 -0.1788 -0.0237 0.6248 0.4048 0.2514 0.1641 0.1049 0.0632 0.0840 0.0550 0.1199 0.1819 0.1712 0.0542 0.1807 0.0688 0.3738 0.2492 0.4481 0.4437 0.5865 0.5021 0.3877 0.4994 0.1357 0.1915 0.2886 0.2497 0.0544 0.0051
0.1908 0.2121 0.1281 0.1327 0.1627 0.1185 0.0966 -0.0101 -0.0694 0.0886 0.2214 0.0266 0.1710 0.0261 0.0179 0.2748 0.3859 0.2140 0.2284 0.2443 0.2386 0.2140 0.2464 0.4813 0.3401 0.3007 0.3678 0.3303 0.3821 0.2608 0.4315 0.6082 1.0000 0.6830 0.2585 0.2429 0.2148 0.2941 0.2666 0.3263 0.1748 0.2270 0.1700 0.2339 0.0696 0.1844 0.5081 0.5494 0.2167 0.1018 0.0653 -0.0540 0.0857 0.0091 0.1985 0.3394 0.2104 0.2108 0.2035 0.2450 0.4241 0.4147 0.5440 0.5170 0.4057 0.4084 0.4767 0.5203 0.3537 0.3678 0.4094 0.3896 0.2562 0.3679
0.1591 0.3323 0.1750 0.2594 0.1194 0.0887 0.2460 0.0416 -0.0554 0.0188 0.3036 -0.0324 0.2580 0.0397 0.0016 0.1910 0.4028 0.1867 0.2657 0.2922 0.3142 0.2332 0.2604 0.5416 0.3745 0.3380 0.3914 0.3793 0.3462 0.1771 0.4043 0.8300 0.6830 1.0000 0.2127 0.1830 0.1069 0.1967 0.2201 0.2414 0.0060 0.0551 0.0682 0.0532 0.0531 0.0262 0.6721 0.4145 0.2322 0.1609 0.0142 -0.0267 0.0607 0.0331 0.2028 0.2061 0.1869 0.0588 0.1514 0.1410 0.4998 0.3938 0.5832 0.5730 0.5460 0.5021 0.4367 0.5587 0.2900 0.3012 0.4341 0.3104 0.2841 0.1039
0.2117 0.3000 0.3730 0.4102 0.1739 0.4121 0.3953 0.0650 0.0326 0.2986 0.2915 0.2445 0.2571 0.0332 0.0080 0.3120 0.3200 0.1902 0.1878 0.3764 0.3548 0.1801 0.2096 0.2491 0.1546 0.3285 0.3969 0.4650 0.5292 0.7111 0.7016 0.0966 0.2585 0.2127 1.0000 0.8783 0.5953 0.6920 0.8282 0.7872 0.4745 0.6256 0.7520 0.6505 0.6147 0.5511 0.3794 0.4429 0.1814 0.2638 0.1787 0.1471 0.2341 0.2468 0.1923 0.4125 0.3813 0.5426 0.5677 0.6342 0.5018 0.5174 0.4120 0.3373 0.1742 0.1886 0.4646 0.3832 0.3916 0.3905 0.3387 0.3729 0.4850 0.5495
0.2751 0.3365 0.4099 0.4449 0.1837 0.4426 0.4046 0.0214 0.0174 0.3374 0.2764 0.2543 0.2294 0.0023 -0.0103 0.2943 0.3187 0.2701 0.2626 0.3838 0.3709 0.2207 0.2404 0.1851 0.1423 0.2984 0.3757 0.4462 0.5167 0.6541 0.6426 0.1176 0.2429 0.1830 0.8783 1.0000 0.5849 0.7314 0.8443 0.8801 0.4987 0.6674 0.7033 0.7069 0.5408 0.6448 0.3950 0.5174 0.2156 0.2971 0.2579 0.2374 0.2593 0.2443 0.1735 0.4522 0.3433 0.5482 0.5834 0.6277 0.4644 0.5142 0.3504 0.3059 0.0948 0.1497 0.4516 0.3143 0.3268 0.3602 0.3815 0.4622 0.4588 0.5735
0.3413 0.3095 0.3022 0.3476 0.2294 0.4468 0.3246 0.1026 0.1349 0.3620 0.2025 0.3322 0.1916 0.0803 0.0488 0.4645 0.2998 0.1500 0.1657 0.1678 0.1883 0.1399 0.1389 0.1815 0.1896 0.2489 0.2276 0.3882 0.4370 0.5045 0.4786 -0.0335 0.2148 0.1069 0.5953 0.5849 1.0000 0.7634 0.5556 0.5343 0.7402 0.6669 0.6886 0.6473 0.4555 0.3884 0.1386 0.2196 0.3331 0.3337 0.3638 0.2386 0.3487 0.3087 0.2122 0.3167 0.3056 0.4060 0.5312 0.6078 0.2886 0.3917 0.3449 0.3240 0.0703 0.1455 0.3446 0.1673 0.4191 0.3217 0.3532 0.3320 0.3337 0.4252
0.3408 0.3556 0.3128 0.3767 0.2225 0.3966 0.3462 0.1962 0.2106 0.3380 0.2930 0.3295 0.2714 0.1834 0.1583 0.4527 0.4395 0.1090 0.2348 0.1981 0.2537 0.0637 0.0848 0.2646 0.3567 0.1697 0.1920 0.3999 0.4116 0.5492 0.5229 0.0281 0.2941 0.1967 0.6920 0.7314 0.7634 1.0000 0.6977 0.7123 0.6196 0.8034 0.7054 0.7397 0.5426 0.5648 0.2609 0.4707 0.2997 0.3599 0.2804 0.2468 0.2882 0.3827 0.1762 0.4541 0.2462 0.5389 0.4316 0.6054 0.3231 0.3793 0.3851 0.3666 0.0702 0.1360 0.3283 0.2603 0.4362 0.4361 0.4638 0.5079 0.4157 0.4522
0.3185 0.3618 0.3741 0.4346 0.1440 0.4584 0.4130 0.0455 0.0329 0.3645 0.3382 0.2680 0.2359 0.0231 0.0074 0.3937 0.3686 0.2559 0.2999 0.3009 0.3222 0.1677 0.1793 0.2820 0.2569 0.2438 0.2967 0.5180 0.5803 0.6390 0.5939 0.1001 0.2666 0.2201 0.8282 0.8443 0.5556 0.6977 1.0000 0.8647 0.4477 0.5891 0.7378 0.6336 0.6799 0.5622 0.4682 0.5315 0.2791 0.3545 0.2213 0.2109 0.2529 0.2175 0.2832 0.4212 0.2359 0.4198 0.5213 0.5742 0.4826 0.4839 0.3988 0.3451 0.0423 0.1187 0.4685 0.3514 0.4071 0.3717 0.5504 0.4874 0.5728 0.5616
0.3459 0.3897 0.4013 0.4663 0.1663 0.4492 0.4282 0.0594 0.0712 0.3468 0.3592 0.2767 0.2942 0.0682 0.0718 0.2910 0.3701 0.3429 0.3351 0.3870 0.3856 0.1310 0.1485 0.2786 0.2517 0.1995 0.3180 0.5109 0.6100 0.6648 0.6851 0.1908 0.3263 0.2414 0.7872 0.8801 0.5343 0.7123 0.8647 1.0000 0.4549 0.6361 0.6512 0.6881 0.5169 0.7533 0.4733 0.6120 0.3164 0.3825 0.3317 0.2806 0.3505 0.2870 0.2862 0.5225 0.3399 0.5228 0.6060 0.6282 0.4850 0.5375 0.4156 0.3455 0.1555 0.1938 0.5349 0.4107 0.3085 0.3319 0.4416 0.4978 0.4629 0.6242
0.2956 0.2406 0.1462 0.2361 0.1998 0.2632 0.2109 -0.0013 0.0597 0.2728 0.1600 0.2882 0.1196 0.0296 -0.0020 0.3858 0.1907 0.0760 0.0810 0.1003 0.1184 0.1161 0.1190 0.1179 0.0909 0.1349 0.1580 0.2140 0.3166 0.2830 0.3268 -0.0861 0.1748 0.0060 0.4745 0.4987 0.7402 0.6196 0.4477 0.4549 1.0000 0.7393 0.7040 0.7124 0.3031 0.3488 -0.0078 0.1507 0.2596 0.3092 0.4592 0.3230 0.3646 0.3179 0.0829 0.3303 0.1773 0.3999 0.4487 0.5023 0.1219 0.2628 0.2121 0.1941 0.0610 0.0935 0.2382 0.0945 0.2763 0.1317 0.1489 0.2063 0.0912 0.3684
0.2391 0.3330 0.2320 0.3730 0.3108 0.3014 0.3798 0.0969 0.1822 0.2651 0.3372 0.2624 0.2601 0.1015 0.0889 0.3312 0.3961 0.0081 0.0869 0.1964 0.2511 0.1171 0.1520 0.1611 0.2286 0.1678 0.2376 0.3000 0.3872 0.4830 0.4349 -0.0652 0.2270 0.0551 0.6256 0.6674 0.6669 0.8034 0.5891 0.6361 0.7393 1.0000 0.7075 0.9041 0.3990 0.5743 0.0681 0.4526 0.1921 0.4385 0.3467 0.3792 0.2888 0.4866 0.0942 0.6021 0.1479 0.6800 0.4346 0.5893 0.2121 0.3731 0.2658 0.2795 0.0201 0.0894 0.2573 0.1632 0.2960 0.3310 0.2157 0.4592 0.2410 0.4893
0.3143 0.2756 0.3317 0.3752 0.1600 0.4605 0.3568 0.0423 0.0255 0.4205 0.2363 0.2886 0.1599 -0.0159 -0.0357 0.4153 0.2732 0.1701 0.2504 0.2288 0.2673 0.1587 0.1666 0.1840 0.1383 0.2290 0.2709 0.4707 0.4907 0.5636 0.4540 -0.1087 0.1700 0.0682 0.7520 0.7033 0.6886 0.7054 0.7378 0.6512 0.7040 0.7075 1.0000 0.7738 0.7722 0.4931 0.2627 0.3159 0.2673 0.3036 0.2618 0.2413 0.2759 0.2266 0.2952 0.3267 0.2327 0.4528 0.4824 0.6164 0.3599 0.4077 0.3693 0.3190 -0.0030 0.0587 0.4102 0.2806 0.3870 0.2838 0.3242 0.2912 0.5288 0.4610
0.2652 0.3311 0.2867 0.4162 0.3116 0.3707 0.4196 0.0267 0.1109 0.3396 0.3585 0.2758 0.2528 0.0242 0.0244 0.3430 0.4163 0.1251 0.1547 0.2742 0.3250 0.1875 0.2086 0.1298 0.1914 0.2360 0.2959 0.3730 0.4500 0.5128 0.4556 -0.0635 0.2339 0.0532 0.6505 0.7069 0.6473 0.7397 0.6336 0.6881 0.7124 0.9041 0.7738 1.0000 0.4772 0.6721 0.1427 0.4904 0.2450 0.4426 0.3604 0.3921 0.3086 0.3955 0.1975 0.5958 0.2261 0.6574 0.5014 0.6413 0.2735 0.4342 0.2756 0.3088 0.0219 0.1345 0.3614 0.2001 0.3022 0.3633 0.2481 0.4833 0.3398 0.5885
0.2188 0.1357 0.2914 0.2694 0.0556 0.4188 0.2579 0.1364 0.0390 0.4525 0.1763 0.2831 0.0940 0.0504 -0.0034 0.4015 0.2167 0.0695 0.2325 0.1389 0.2177 0.0620 0.0642 0.1680 0.1694 0.1390 0.1544 0.3982 0.3212 0.4588 0.3118 -0.1788 0.0696 0.0531 0.6147 0.5408 0.4555 0.5426 0.6799 0.5169 0.3031 0.3990 0.7722 0.4772 1.0000 0.3840 0.3393 0.2381 0.1544 0.1249 -0.0633 0.0032 0.0380 0.0289 0.3050 0.1044 0.0784 0.1635 0.1431 0.3210 0.2733 0.3098 0.2969 0.2623 -0.1572 -0.0538 0.3195 0.1961 0.3929 0.2711 0.4185 0.2132 0.7319 0.2915
0.1677 0.1617 0.3039 0.3367 0.2126 0.3157 0.3013 0.1213 0.1878 0.2984 0.3100 0.2730 0.2811 0.1510 0.1934 0.1832 0.2727 0.2418 0.1607 0.3383 0.3251 0.0473 0.0628 0.1131 0.2188 0.0978 0.2076 0.2888 0.4099 0.5108 0.4749 -0.0237 0.1844 0.0262 0.5511 0.6448 0.3884 0.5648 0.5622 0.7533 0.3488 0.5743 0.4931 0.6721 0.3840 1.0000 0.2365 0.5331 0.1388 0.2674 0.2459 0.1373 0.2569 0.2230 0.1998 0.5276 0.3193 0.4957 0.4252 0.4446 0.2920 0.4096 0.2075 0.1468 0.0272 0.0657 0.3742 0.2163 0.2085 0.2889 0.2816 0.4715 0.3418 0.7116
0.4090 0.4293 0.4097 0.4352 0.0265 0.3665 0.3842 0.0208 -0.0798 0.2795 0.3062 0.1279 0.2958 -0.0133 -0.0207 0.2516 0.3411 0.4364 0.4818 0.3799 0.3838 0.2310 0.2483 0.4868 0.3143 0.3346 0.3903 0.4916 0.4600 0.3166 0.4659 0.6248 0.5081 0.6721 0.3794 0.3950 0.1386 0.2609 0.4682 0.4733 -0.0078 0.0681 0.2627 0.1427 0.3393 0.2365 1.0000 0.5627 0.4150 0.2852 0.1846 0.1482 0.2155 0.0409 0.3981 0.1929 0.2582 0.0815 0.3294 0.2922 0.5517 0.4440 0.5423 0.5170 0.3038 0.3434 0.5483 0.5286 0.2927 0.2794 0.5351 0.3168 0.4656 0.2246
0.3009 0.3290 0.2031 0.2111 -0.0745 0.1885 0.1779 0.0333 -0.0520 0.1498 0.3679 0.0423 0.2478 0.0137 0.0539 0.2013 0.5917 0.2375 0.3435 0.1572 0.1485 0.0546 0.0668 0.3844 0.4213 0.1324 0.1867 0.3976 0.4483 0.3732 0.3688 0.4048 0.5494 0.4145 0.4429 0.5174 0.2196 0.4707 0.5315 0.6120 0.1507 0.4526 0.3159 0.4904 0.2381 0.5331 0.5627 1.0000 0.2971 0.3628 0.2243 0.2372 0.2025 0.2064 0.2703 0.6272 0.1448 0.4322 0.3245 0.3488 0.4093 0.3554 0.3901 0.3689 0.1758 0.1283 0.4122 0.4216 0.2694 0.5982 0.3964 0.7326 0.2784 0.5353
0.8642 0.6697 0.2829 0.3196 -0.0352 0.4015 0.2430 0.0355 0.0247 0.3779 0.2577 0.3006 0.1901 0.0618 0.0464 0.4696 0.4183 0.5329 0.6663 0.0870 0.1065 -0.0169 -0.0374 0.4437 0.3400 0.0645 0.0210 0.5162 0.4726 0.1251 0.2139 0.2514 0.2167 0.2322 0.1814 0.2156 0.3331 0.2997 0.2791 0.3164 0.2596 0.1921 0.2673 0.2450 0.1544 0.1388 0.4150 0.2971 1.0000 0.6616 0.6406 0.5131 0.6463 0.2974 0.6318 0.2297 0.1258 0.1372 0.4874 0.3694 0.3194 0.2421 0.4284 0.4380 0.2965 0.3497 0.4899 0.3541 0.3740 0.2915 0.4678 0.2523 0.1604 0.1152
0.6039 0.7938 0.2552 0.4780 0.0653 0.2670 0.5158 0.0605 0.1317 0.2674 0.5823 0.2363 0.4313 0.0620 0.0917 0.2744 0.5184 0.3219 0.4467 0.1424 0.1772 0.0008 0.0167 0.3735 0.3560 0.0574 0.1169 0.4181 0.4837 0.1996 0.2071 0.1641 0.1018 0.1609 0.2638 0.2971 0.3337 0.3599 0.3545 0.3825 0.3092 0.4385 0.3036 0.4426 0.1249 0.2674 0.2852 0.3628 0.6616 1.0000 0.6402 0.6784 0.6237 0.6276 0.4447 0.5338 0.0518 0.3436 0.4475 0.3742 0.3172 0.3124 0.3421 0.3813 0.2243 0.2457 0.3862 0.3616 0.2618 0.3249 0.3044 0.4173 0.0883 0.2292
0.6136 0.5047 0.1756 0.2391 -0.0057 0.2613 0.2068 -0.0896 0.0353 0.2232 0.1566 0.2616 0.1387 -0.0049 0.0192 0.1364 0.0971 0.4599 0.4206 0.1089 0.0408 -0.0279 -0.0462 0.1734 0.0692 -0.0158 -0.0218 0.2522 0.3621 0.1717 0.1958 0.1049 0.0653 0.0142 0.1787 0.2579 0.3638 0.2804 0.2213 0.3317 0.4592 0.3467 0.2618 0.3604 -0.0633 0.2459 0.1846 0.2243 0.6406 0.6402 1.0000 0.7534 0.7652 0.5296 0.2888 0.2847 0.2321 0.3812 0.6782 0.4896 0.1511 0.1132 0.1819 0.1022 0.1809 0.1272 0.2777 0.1572 0.0863 0.0602 0.0974 0.1127 -0.1606 0.1638
0.4858 0.5314 0.1151 0.2606 -0.0851 0.1697 0.2682 -0.2064 -0.1021 0.0654 0.1437 0.0135 0.0474 -0.1833 -0.1551 0.0404 0.1317 0.2854 0.3863 0.0197 0.0202 0.0382 0.0208 0.0361 -0.0383 0.0006 -0.0093 0.2383 0.2835 0.1055 0.0780 0.0632 -0.0540 -0.0267 0.1471 0.2374 0.2386 0.2468 0.2109 0.2806 0.3230 0.3792 0.2413 0.3921 0.0032 0.1373 0.1482 0.2372 0.5131 0.6784 0.7534 1.0000 0.5352 0.5775 0.2296 0.2572 0.0329 0.4398 0.5473 0.4795 0.0823 0.0549 0.0714 0.0497 0.0568 0.0241 0.1232 0.0626 0.0149 0.0685 0.0308 0.1087 -0.1000 -0.0250
0.6060 0.4711 0.2921 0.3399 0.1105 0.3857 0.3518 0.0734 0.1545 0.3562 0.3674 0.4147 0.3086 0.1078 0.1388 0.1414 0.1818 0.4184 0.3628 0.2212 0.1816 -0.0205 -0.0201 0.2867 0.2059 0.0512 0.0905 0.3820 0.4509 0.2334 0.2493 0.0840 0.0857 0.0607 0.2341 0.2593 0.3487 0.2882 0.2529 0.3505 0.3646 0.2888 0.2759 0.3086 0.0380 0.2569 0.2155 0.2025 0.6463 0.6237 0.7652 0.5352 1.0000 0.5595 0.4935 0.3558 0.3335 0.3606 0.5615 0.3981 0.3105 0.2822 0.2876 0.2568 0.2410 0.2663 0.4235 0.3163 0.1370 0.1140 0.1796 0.1381 0.0315 0.2337
0.3115 0.4583 0.1228 0.3981 0.1266 0.1357 0.4641 0.0862 0.2292 0.0636 0.4473 0.1719 0.3732 0.1006 0.1426 0.0370 0.2732 0.0692 0.1651 0.0742 0.1288 -0.0620 -0.0306 0.1640 0.2135 -0.0437 0.0751 0.1814 0.3102 0.2169 0.2304 0.0550 0.0091 0.0331 0.2468 0.2443 0.3087 0.3827 0.2175 0.2870 0.3179 0.4866 0.2266 0.3955 0.0289 0.2230 0.0409 0.2064 0.2974 0.6276 0.5296 0.5775 0.5595 1.0000 0.1051 0.5642 0.0964 0.6103 0.3789 0.3861 0.1626 0.1889 0.1781 0.1907 0.1466 0.1437 0.1484 0.1951 0.0739 0.1584 0.0268 0.2368 -0.0810 0.1599
0.5347 0.4222 0.3086 0.3144 0.0653 0.3536 0.2559 0.0520 0.0027 0.3705 0.3260 0.1979 0.2132 0.0078 0.0449 0.3759 0.3596 0.4691 0.4935 0.1871 0.2098 0.0878 0.0973 0.4078 0.2918 0.2281 0.2326 0.5253 0.5088 0.1136 0.1298 0.1199 0.1985 0.2028 0.1923 0.1735 0.2122 0.1762 0.2832 0.2862 0.0829 0.0942 0.2952 0.1975 0.3050 0.1998 0.3981 0.2703 0.6318 0.4447 0.2888 0.2296 0.4935 0.1051 1.0000 0.2821 0.1488 0.0150 0.2871 0.1937 0.3922 0.3790 0.3999 0.4460 0.2323 0.3096 0.4999 0.4290 0.3629 0.2849 0.4934 0.2671 0.4179 0.2609
0.2325 0.4294 0.2823 0.4622 0.2104 0.2236 0.4751 0.1266 0.1745 0.1879 0.6181 0.1824 0.4679 0.1335 0.1935 0.2152 0.6309 0.1857 0.1976 0.3022 0.3454 0.0597 0.1115 0.3609 0.4380 0.1899 0.3413 0.3800 0.5484 0.3237 0.3620 0.1819 0.3394 0.2061 0.4125 0.4522 0.3167 0.4541 0.4212 0.5225 0.3303 0.6021 0.3267 0.5958 0.1044 0.5276 0.1929 0.6272 0.2297 0.5338 0.2847 0.2572 0.3558 0.5642 0.2821 1.0000 0.2253 0.6050 0.3460 0.3582 0.3665 0.4573 0.3707 0.4234 0.2445 0.2589 0.3897 0.4468 0.2689 0.5112 0.2710 0.7219 0.1603 0.6483
0.1087 0.1836 0.5934 0.4086 0.2498 0.3861 0.2597 0.1265 0.1180 0.3021 0.0759 0.3100 0.1717 0.1436 0.1452 0.0368 0.0846 0.4577 0.1994 0.7285 0.5676 0.1757 0.1895 0.1548 0.0215 0.4335 0.4821 0.2762 0.3035 0.5292 0.5252 0.1712 0.2104 0.1869 0.3813 0.3433 0.3056 0.2462 0.2359 0.3399 0.1773 0.1479 0.2327 0.2261 0.0784 0.3193 0.2582 0.1448 0.1258 0.0518 0.2321 0.0329 0.3335 0.0964 0.1488 0.2253 1.0000 0.4182 0.5407 0.3796 0.4545 0.4347 0.3180 0.2012 0.2402 0.2394 0.4669 0.2760 0.1047 0.1257 0.1309 0.1654 0.2983 0.4105
0.1661 0.2843 0.2640 0.4059 0.2141 0.2557 0.4146 0.0334 0.1272 0.1270 0.2608 0.1564 0.2362 0.0375 0.0660 0.0560 0.2863 0.1264 0.1472 0.3177 0.3245 0.0935 0.1223 0.0690 0.0960 0.1833 0.2846 0.2698 0.3729 0.5569 0.5142 0.0542 0.2108 0.0588 0.5426 0.5482 0.4060 0.5389 0.4198 0.5228 0.3999 0.6800 0.4528 0.6574 0.1635 0.4957 0.0815 0.4322 0.1372 0.3436 0.3812 0.4398 0.3606 0.6103 0.0150 0.6050 0.4182 1.0000 0.5917 0.6818 0.2759 0.3276 0.2078 0.1769 0.1045 0.1188 0.2632 0.2146 0.1264 0.2933 0.0476 0.3818 0.1474 0.4542
0.4612 0.4517 0.4022 0.4463 0.1039 0.4324 0.3622 -0.0888 -0.0245 0.2455 0.1560 0.1805 0.1539 -0.0644 -0.0419 0.1978 0.1666 0.5153 0.4362 0.3827 0.3043 0.1709 0.1606 0.1880 0.0381 0.2677 0.3056 0.5001 0.6061 0.6303 0.6485 0.1807 0.2035 0.1514 0.5677 0.5834 0.5312 0.4316 0.5213 0.6060 0.4487 0.4346 0.4824 0.5014 0.1431 0.4252 0.3294 0.3245 0.4874 0.4475 0.6782 0.5473 0.5615 0.3789 0.2871 0.3460 0.5407 0.5917 1.0000 0.8298 0.4547 0.4341 0.3583 0.2317 0.2356 0.2192 0.5011 0.3031 0.2173 0.1828 0.2389 0.2356 0.1880 0.4535
0.3701 0.3570 0.3210 0.4242 0.1325 0.4497 0.4158 -0.0475 -0.0022 0.2568 0.1718 0.1578 0.1494 -0.0632 -0.0667 0.2113 0.2160 0.2663 0.3064 0.2711 0.3158 0.1729 0.1675 0.1280 0.0656 0.2431 0.2726 0.5257 0.5566 0.6991 0.7121 0.0688 0.2450 0.1410 0.6342 0.6277 0.6078 0.6054 0.5742 0.6282 0.5023 0.5893 0.6164 0.6413 0.3210 0.4446 0.2922 0.3488 0.3694 0.3742 0.4896 0.4795 0.3981 0.3861 0.1937 0.3582 0.3796 0.6818 0.8298 1.0000 0.3960 0.3993 0.3270 0.2554 0.1062 0.1490 0.4303 0.2764 0.2027 0.2046 0.1943 0.2270 0.2826 0.3946
0.3527 0.4650 0.5346 0.5327 0.1452 0.4201 0.4677 0.0559 -0.0483 0.3832 0.4748 0.1783 0.3544 -0.0213 -0.0189 0.2510 0.4328 0.4550 0.4160 0.5504 0.5339 0.3091 0.3428 0.5301 0.2944 0.5387 0.6253 0.6033 0.6136 0.5149 0.5782 0.3738 0.4241 0.4998 0.5018 0.4644 0.2886 0.3231 0.4826 0.4850 0.1219 0.2121 0.3599 0.2735 0.2733 0.2920 0.5517 0.4093 0.3194 0.3172 0.1511 0.0823 0.3105 0.1626 0.3922 0.3665 0.4545 0.2759 0.4547 0.3960 1.0000 0.8135 0.6959 0.6290 0.4547 0.4693 0.7113 0.6140 0.3445 0.3754 0.4575 0.4007 0.5069 0.4494
0.2766 0.4157 0.5566 0.6329 0.4082 0.4542 0.5540 0.0996 0.0773 0.4606 0.5285 0.2767 0.4240 0.0541 0.0579 0.3371 0.4032 0.4120 0.2919 0.6223 0.6431 0.3819 0.4453 0.4405 0.2735 0.5882 0.7276 0.5567 0.6264 0.5194 0.6112 0.2492 0.4147 0.3938 0.5174 0.5142 0.3917 0.3793 0.4839 0.5375 0.2628 0.3731 0.4077 0.4342 0.3098 0.4096 0.4440 0.3554 0.2421 0.3124 0.1132 0.0549 0.2822 0.1889 0.3790 0.4573 0.4347 0.3276 0.4341 0.3993 0.8135 1.0000 0.6565 0.6525 0.3938 0.5234 0.6904 0.5373 0.3915 0.3208 0.4526 0.3934 0.5516 0.5873
0.4651 0.5252 0.4222 0.5099 0.1249 0.3718 0.4078 0.2482 0.1622 0.4537 0.4818 0.3533 0.4563 0.2597 0.2561 0.4399 0.5021 0.4689 0.5095 0.3931 0.4201 0.0148 0.0624 0.7404 0.5424 0.2604 0.3923 0.6272 0.6192 0.3853 0.4984 0.4481 0.5440 0.5832 0.4120 0.3504 0.3449 0.3851 0.3988 0.4156 0.2121 0.2658 0.3693 0.2756 0.2969 0.2075 0.5423 0.3901 0.4284 0.3421 0.1819 0.0714 0.2876 0.1781 0.3999 0.3707 0.3180 0.2078 0.3583 0.3270 0.6959 0.6565 1.0000 0.7934 0.6469 0.5650 0.7307 0.6974 0.5323 0.4116 0.5428 0.3805 0.4324 0.3534
0.4394 0.5615 0.4503 0.5745 0.2614 0.4035 0.5223 0.2113 0.1527 0.3995 0.6119 0.2893 0.4970 0.1731 0.1742 0.4824 0.6665 0.3447 0.4387 0.3931 0.4900 0.1640 0.2226 0.6721 0.5930 0.3741 0.4792 0.6092 0.5385 0.2564 0.4163 0.4437 0.5170 0.5730 0.3373 0.3059 0.3240 0.3666 0.3451 0.3455 0.1941 0.2795 0.3190 0.3088 0.2623 0.1468 0.5170 0.3689 0.4380 0.3813 0.1022 0.0497 0.2568 0.1907 0.4460 0.4234 0.2012 0.1769 0.2317 0.2554 0.6290 0.6525 0.7934 1.0000 0.5517 0.7085 0.6415 0.6380 0.5227 0.4661 0.5462 0.4623 0.4328 0.3077
0.2261 0.3892 0.1673 0.2683 0.0695 0.0440 0.2065 0.0752 0.0548 0.0506 0.3225 0.1023 0.3293 0.1532 0.1559 0.1040 0.3333 0.3884 0.3032 0.2983 0.2533 -0.0282 0.0097 0.5304 0.3207 0.1457 0.2706 0.3759 0.4060 0.0579 0.3140 0.5865 0.4057 0.5460 0.1742 0.0948 0.0703 0.0702 0.0423 0.1555 0.0610 0.0201 -0.0030 0.0219 -0.1572 0.0272 0.3038 0.1758 0.2965 0.2243 0.1809 0.0568 0.2410 0.1466 0.2323 0.2445 0.2402 0.1045 0.2356 0.1062 0.4547 0.3938 0.6469 0.5517 1.0000 0.7063 0.4947 0.6002 0.2350 0.2105 0.2028 0.1425 -0.0055 0.1092
0.2601 0.4024 0.2843 0.4164 0.3592 0.1977 0.3618 0.0993 0.1482 0.1746 0.4212 0.1913 0.3916 0.1490 0.1486 0.2250 0.3884 0.3656 0.2471 0.4006 0.4149 0.1656 0.2184 0.4841 0.3482 0.3364 0.4118 0.4332 0.4181 0.0883 0.3687 0.5021 0.4084 0.5021 0.1886 0.1497 0.1455 0.1360 0.1187 0.1938 0.0935 0.0894 0.0587 0.1345 -0.0538 0.0657 0.3434 0.1283 0.3497 0.2457 0.1272 0.0241 0.2663 0.1437 0.3096 0.2589 0.2394 0.1188 0.2192 0.1490 0.4693 0.5234 0.5650 0.7085 0.7063 1.0000 0.5207 0.5121 0.2997 0.2103 0.3433 0.1709 0.1978 0.1928
0.5138 0.5201 0.5029 0.5151 0.1484 0.4665 0.4162 0.1161 0.0747 0.5404 0.4589 0.4008 0.3962 0.1484 0.1480 0.3862 0.4425 0.5784 0.5129 0.5206 0.4866 0.1017 0.1241 0.6173 0.3934 0.3312 0.4472 0.6525 0.6761 0.4616 0.5744 0.3877 0.4767 0.4367 0.4646 0.4516 0.3446 0.3283 0.4685 0.5349 0.2382 0.2573 0.4102 0.3614 0.3195 0.3742 0.5483 0.4122 0.4899 0.3862 0.2777 0.1232 0.4235 0.1484 0.4999 0.3897 0.4669 0.2632 0.5011 0.4303 0.7113 0.6904 0.7307 0.6415 0.4947 0.5207 1.0000 0.6973 0.4586 0.3543 0.4871 0.3381 0.4871 0.4871
0.3269 0.4816 0.3066 0.4326 0.0467 0.2153 0.4161 0.1603 0.0873 0.2314 0.5566 0.1793 0.4878 0.1680 0.2074 0.2403 0.5104 0.4056 0.4192 0.3641 0.3734 -0.0176 0.0372 0.6836 0.5210 0.1937 0.3759 0.5588 0.6350 0.3026 0.4507 0.4994 0.5203 0.5587 0.3832 0.3143 0.1673 0.2603 0.3514 0.4107 0.0945 0.1632 0.2806 0.2001 0.1961 0.2163 0.5286 0.4216 0.3541 0.3616 0.1572 0.0626 0.3163 0.1951 0.4290 0.4468 0.2760 0.2146 0.3031 0.2764 0.6140 0.5373 0.6974 0.6380 0.6002 0.5121 0.6973 1.0000 0.3960 0.4036 0.3933 0.3496 0.2872 0.3444
0.3674 0.3435 0.2121 0.2937 0.0804 0.2697 0.2170 0.1768 0.1150 0.3646 0.3469 0.3256 0.2931 0.1948 0.1645 0.8214 0.5245 0.2236 0.3561 0.0667 0.1059 -0.0159 0.0092 0.5244 0.4874 0.1681 0.1554 0.4139 0.4004 0.1979 0.2840 0.1357 0.3537 0.2900 0.3916 0.3268 0.4191 0.4362 0.4071 0.3085 0.2763 0.2960 0.3870 0.3022 0.3929 0.2085 0.2927 0.2694 0.3740 0.2618 0.0863 0.0149 0.1370 0.0739 0.3629 0.2689 0.1047 0.1264 0.2173 0.2027 0.3445 0.3915 0.5323 0.5227 0.2350 0.2997 0.4586 0.3960 1.0000 0.6627 0.7142 0.4394 0.4571 0.3849
0.2425 0.3382 0.1690 0.2121 -0.0632 0.1558 0.1871 0.1713 0.0594 0.1810 0.4372 0.1460 0.3023 0.1254 0.1304 0.5370 0.7810 0.1189 0.2773 0.0340 0.0573 -0.0378 -0.0202 0.4426 0.5497 0.1722 0.1453 0.3529 0.3380 0.2323 0.2558 0.1915 0.3678 0.3012 0.3905 0.3602 0.3217 0.4361 0.3717 0.3319 0.1317 0.3310 0.2838 0.3633 0.2711 0.2889 0.2794 0.5982 0.2915 0.3249 0.0602 0.0685 0.1140 0.1584 0.2849 0.5112 0.1257 0.2933 0.1828 0.2046 0.3754 0.3208 0.4116 0.4661 0.2105 0.2103 0.3543 0.4036 0.6627 1.0000 0.5430 0.7626 0.3590 0.4595
0.4380 0.3986 0.3540 0.4040 0.1558 0.3743 0.2976 0.2373 0.1623 0.4180 0.3552 0.3511 0.2978 0.2387 0.1997 0.6983 0.5202 0.3544 0.4541 0.1915 0.2484 0.0706 0.0909 0.5590 0.5739 0.2257 0.2146 0.5070 0.4577 0.2234 0.3334 0.2886 0.4094 0.4341 0.3387 0.3815 0.3532 0.4638 0.5504 0.4416 0.1489 0.2157 0.3242 0.2481 0.4185 0.2816 0.5351 0.3964 0.4678 0.3044 0.0974 0.0308 0.1796 0.0268 0.4934 0.2710 0.1309 0.0476 0.2389 0.1943 0.4575 0.4526 0.5428 0.5462 0.2028 0.3433 0.4871 0.3933 0.7142 0.5430 1.0000 0.5786 0.6447 0.4194
0.2443 0.4080 0.2972 0.3639 0.0374 0.2371 0.3413 0.1901 0.1251 0.1956 0.5438 0.1423 0.3849 0.1477 0.1884 0.4130 0.8047 0.1674 0.2732 0.1774 0.2087 0.0384 0.0649 0.4209 0.6033 0.1818 0.2355 0.3750 0.4165 0.2952 0.2968 0.2497 0.3896 0.3104 0.3729 0.4622 0.3320 0.5079 0.4874 0.4978 0.2063 0.4592 0.2912 0.4833 0.2132 0.4715 0.3168 0.7326 0.2523 0.4173 0.1127 0.1087 0.1381 0.2368 0.2671 0.7219 0.1654 0.3818 0.2356 0.2270 0.4007 0.3934 0.3805 0.4623 0.1425 0.1709 0.3381 0.3496 0.4394 0.7626 0.5786 1.0000 0.3455 0.6302
0.1585 0.1634 0.4620 0.4096 0.2695 0.4568 0.3366 0.2332 0.1070 0.5202 0.2762 0.3282 0.1928 0.1321 0.0662 0.3934 0.3189 0.1880 0.2563 0.3856 0.4422 0.2299 0.2504 0.2812 0.2586 0.3878 0.4021 0.4978 0.3732 0.4905 0.4239 0.0544 0.2562 0.2841 0.4850 0.4588 0.3337 0.4157 0.5728 0.4629 0.0912 0.2410 0.5288 0.3398 0.7319 0.3418 0.4656 0.2784 0.1604 0.0883 -0.1606 -0.1000 0.0315 -0.0810 0.4179 0.1603 0.2983 0.1474 0.1880 0.2826 0.5069 0.5516 0.4324 0.4328 -0.0055 0.1978 0.4871 0.2872 0.4571 0.3590 0.6447 0.3455 1.0000 0.4126
0.1367 0.1530 0.3357 0.3767 0.2397 0.3298 0.3205 0.0881 0.1074 0.3358 0.4390 0.3000 0.3653 0.1163 0.1716 0.3335 0.3905 0.2845 0.1284 0.3902 0.3595 0.1553 0.1873 0.2518 0.3003 0.2972 0.4108 0.3688 0.5665 0.5109 0.5147 0.0051 0.3679 0.1039 0.5495 0.5735 0.4252 0.4522 0.5616 0.6242 0.3684 0.4893 0.4610 0.5885 0.2915 0.7116 0.2246 0.5353 0.1152 0.2292 0.1638 -0.0250 0.2337 0.1599 0.2609 0.6483 0.4105 0.4542 0.4535 0.3946 0.4494 0.5873 0.3534 0.3077 0.1092 0.1928 0.4871 0.3444 0.3849 0.4595 0.4194 0.6302 0.4126 1.0000
